50767010,0
51459800,1
51605190,2
51600710,3
50992585,4
51062515,5
51517375,6
51583700,7
51603440,8
51449720,9
51325260,10
51580480,11
51080225,12
51582930,13
51600360,14
50933785,15
51080330,16
51457840,17
50603700,18
51536205,19
51594480,20
51581740,21
51196110,22
51605470,23
51449615,24
51135665,25
51454200,26
51515485,27
50984045,28
51581530,29
51582300,30
51588425,31
50869525,32
50851115,33
51301915,34
51003470,35
51080260,36
51604035,37
51517830,38
51204685,39
51018660,40
51604000,41
50791510,42
51525635,43
50949080,44
51517865,45
50941135,46
51018625,47
51606205,48
50764245,49
51476285,50
50899065,51
51347415,52
51161705,53
51261420,54
51461690,55
51500855,56
50775795,57
51207030,58
51290505,59
51605960,60
51576315,61
50599045,62
50961505,63
50601670,64
50744540,65
51080295,66
51062480,67
51409610,68
51126845,69
51105320,70
50922235,71
50687525,72
50853390,73
51428440,74
51207100,75
51161740,76
50944320,77
51598785,78
51551535,79
50768445,80
51604560,81
51600325,82
51517900,83
51161706,84
51454866,85
50606116,86
51080226,87
51347416,88
51135666,89
51536206,90
51594131,91
51515451,92
51600326,93
51062516,94
50764281,95
51517831,96
51460676,97
51604526,98
51605506,99
51105321,100
51018626,101
50922271,102
50687526,103
51034201,104
50851151,105
51606171,106
50984116,107
51454201,108
50904386,109
1,110
50984186,111
51600676,112
50770721,113
51461166,114
51435546,115
50744576,116
51449651,117
51600361,118
51517376,119
51603161,120
51020481,121
51580481,122
51062481,123
51571311,124
51582336,125
51204686,126
50599046,127
50850661,128
51080296,129
51588426,130
51517866,131
50850626,132
51080261,133
50941171,134
51417241,135
49431621,136
51161741,137
51301916,138
51576386,139
50601671,140
50949081,141
50944356,142
51581531,143
50853391,144
51455286,145
51551536,146
50770756,147
51004136,148
51605961,149
51018591,150
50775831,151
50791511,152
50858151,153
50869561,154
50899066,155
51261386,156
51600711,157
51205666,158
50992621,159
50959581,160
51207066,161
51428441,162
51517901,163
50944322,164
51463477,165
51603372,166
51605472,167
51517832,168
51204687,169
51603162,170
51582302,171
51062517,172
50601672,173
51080297,174
51105322,175
51457877,176
50992587,177
51525637,178
50961507,179
51062482,180
51604562,181
51459207,182
51536207,183
51588427,184
50869527,185
50959582,186
50791512,187
50764317,188
51551537,189
51606207,190
50599047,191
51018627,192
51207032,193
51080262,194
51594482,195
51196112,196
51453922,197
51417207,198
50853392,199
51080332,200
51018592,201
51517342,202
51454202,203
51502117,204
51581532,205
51583667,206
51126847,207
51261422,208
51600327,209
50687527,210
51409612,211
51454272,212
51604002,213
51161707,214
51325262,215
50922237,216
50941137,217
51003472,218
51515487,219
51581742,220
51600362,221
51582897,222
51600677,223
50899067,224
50949082,225
51584297,226
51517867,227
51600712,228
51604037,229
51135667,230
50775797,231
51428442,232
51605962,233
51581322,234
51605542,235
51517377,236
51517902,237
51080227,238
51348608,239
50858153,240
51018593,241
51600713,242
50904388,243
50922273,244
51536208,245
50941173,246
50869563,247
50791513,248
50851188,249
51517903,250
51034203,251
51431173,252
51161708,253
51449688,254
51325263,255
51428443,256
51409613,257
51605963,258
51606173,259
51454203,260
51080228,261
50678568,262
51517868,263
51582338,264
50601673,265
51018628,266
50687528,267
51062483,268
51103713,269
51455288,270
51080298,271
51582933,272
50944358,273
51581533,274
51062518,275
50744543,276
51204688,277
51105323,278
50767013,279
51600328,280
51517378,281
51594133,282
50959583,283
51502118,284
51417243,285
50853393,286
51230518,287
50984153,288
51261388,289
51517343,290
51581323,291
51080263,292
51576283,293
51135668,294
51600363,295
51551538,296
51517833,297
51605508,298
51326138,299
50850663,300
50899068,301
50775833,302
51207068,303
50941103,304
50992623,305
51601308,306
51603163,307
51583703,308
51600678,309
50853394,310
51039664,311
51348609,312
50904354,313
50767014,314
51544154,315
51461694,316
51135669,317
51588429,318
51204689,319
50764214,320
51207034,321
51080334,322
51525639,323
51597354,324
51062484,325
51517344,326
51581744,327
51515454,328
51062519,329
51018629,330
51326139,331
51604039,332
51582304,333
51606209,334
51105324,335
51517379,336
50922239,337
51502119,338
51580134,339
51020484,340
51604004,341
50791514,342
50794769,343
51605964,344
50678569,345
51460679,346
50869529,347
51325264,348
51261424,349
49431659,350
50984119,351
51454274,352
51216869,353
51409614,354
49431554,355
50687529,356
50773699,357
51433204,358
51230519,359
50959584,360
51463479,361
51594484,362
51126849,363
51080299,364
51598544,365
51196114,366
51517904,367
51461169,368
51003474,369
51580484,370
51551539,371
50984189,372
50603739,373
50744579,374
50764249,375
51524274,376
50992589,377
51290474,378
50601674,379
51605544,380
50851224,381
51517869,382
51581534,383
51600364,384
51604564,385
51576389,386
50944324,387
51605929,388
51449619,389
51600679,390
50775799,391
50941139,392
51536209,393
51600714,394
51080264,395
51161709,396
51454204,397
51605474,398
51018594,399
51595254,400
51600504,401
51515489,402
51600329,403
51080229,404
51449724,405
51428444,406
51517834,407
51581324,408
51457844,409
49431589,410
51018630,411
51600715,412
50922275,413
51062520,414
51230520,415
50992625,416
51207070,417
50853395,418
50941105,419
50944360,420
51598720,421
50678570,422
50858155,423
51517380,424
51454205,425
50904390,426
50744510,427
50794770,428
50961545,429
51018595,430
51431175,431
51417245,432
51582900,433
51604530,434
51428445,435
50770760,436
51433205,437
51500860,438
51126815,439
51348610,440
51080300,441
51062485,442
51605510,443
51582340,444
50850665,445
50791515,446
51584300,447
50949085,448
51080195,449
49431695,450
51600330,451
50601675,452
50767015,453
51080335,454
51135670,455
50770725,456
50606120,457
51161710,458
51080230,459
51517835,460
51517345,461
51517870,462
51517905,463
51581325,464
51454870,465
51409615,466
50959585,467
51582830,468
51105325,469
51034205,470
51261390,471
51583670,472
51205670,473
51326140,474
51576355,475
51588430,476
51103715,477
51580485,478
50599050,479
51600365,480
51502120,481
50933825,482
50764285,483
51581535,484
51605965,485
51600680,486
51551540,487
51080265,488
51325265,489
50791516,490
51018596,491
51517346,492
50601676,493
51517801,494
51600366,495
51606211,496
51018631,497
51261426,498
51581536,499
50851121,500
50744546,501
51517381,502
50959586,503
50984156,504
51034171,505
51290476,506
51581746,507
51207036,508
50767016,509
51080266,510
51039666,511
51600331,512
51605966,513
51500861,514
51581326,515
51517836,516
50764321,517
51582306,518
51517906,519
51515456,520
51583706,521
50794771,522
51604006,523
51600681,524
51463481,525
51003476,526
51230521,527
51062486,528
51517871,529
50687496,530
51504466,531
50858121,532
51459211,533
51551541,534
51449656,535
51428446,536
50992591,537
50961511,538
51028571,539
51603446,540
51605546,541
51457881,542
50869531,543
51080196,544
51326141,545
51409616,546
51604041,547
50922241,548
51105326,549
51080231,550
51220336,551
51525641,552
51454276,553
51600716,554
50775801,555
51126851,556
51006871,557
51161711,558
51605476,559
51582936,560
51220406,561
51433206,562
50927246,563
51135671,564
51080301,565
51604566,566
51204691,567
51588432,568
49431627,569
51517872,570
51326142,571
51018597,572
51034207,573
51581712,574
51551542,575
51105327,576
50949087,577
51598722,578
51601312,579
50601677,580
51126817,581
51135672,582
51449692,583
51230522,584
50678572,585
51207072,586
51461172,587
50961547,588
51161712,589
50851157,590
51605967,591
50922277,592
51600682,593
51460682,594
51290512,595
51600717,596
50853397,597
51417247,598
51600367,599
50858157,600
51080302,601
50687497,602
51517802,603
51080197,604
51594627,605
51576392,606
51220372,607
50984192,608
51580487,609
51080337,610
51581327,611
51517837,612
51517347,613
51581537,614
51605512,615
50899072,616
51504467,617
51603307,618
51261392,619
51028572,620
51525887,621
51513357,622
51080232,623
51459772,624
51062487,625
51598547,626
51039667,627
50744582,628
51080267,629
50941107,630
50606122,631
51515492,632
51433207,633
50794772,634
50603742,635
50850667,636
50904392,637
50944362,638
50775767,639
50992627,640
50959587,641
51600332,642
51204692,643
51034173,644
51525643,645
51261428,646
51582308,647
51230523,648
51581538,649
51605478,650
50775803,651
51207038,652
50744513,653
51600718,654
51080268,655
51576358,656
50794773,657
51457848,658
51551543,659
51588433,660
51599318,661
50773703,662
50922243,663
50687498,664
51517803,665
51433208,666
51229193,667
51604043,668
51600683,669
51062488,670
50904358,671
51605548,672
51028573,673
51105328,674
50764253,675
50678573,676
51126853,677
51080198,678
50959588,679
51581748,680
51204693,681
51517838,682
51604568,683
51604008,684
51600333,685
51582903,686
51583673,687
51581328,688
50869533,689
50601678,690
49510693,691
50770728,692
51428448,693
51161713,694
51220408,695
51513358,696
51600368,697
51601313,698
50984123,699
51018633,700
51584303,701
51449728,702
51018598,703
51348613,704
51517348,705
51579963,706
51603308,707
51606213,708
51517873,709
51605968,710
51453928,711
51461698,712
51135673,713
51290443,714
50772233,715
50961513,716
51517383,717
51515458,718
51605023,719
51080233,720
51039668,721
51525888,722
51463483,723
50899073,724
51504468,725
51600684,726
51417249,727
51161679,728
50601679,729
50944364,730
50851194,731
51135674,732
50899074,733
51447699,734
50606124,735
50904394,736
51504469,737
50858159,738
51605934,739
51018599,740
51603134,741
51583709,742
51600719,743
51004144,744
51515494,745
50922279,746
51517384,747
51576324,748
51603169,749
50850669,750
50770764,751
51517839,752
51080269,753
51513359,754
51551544,755
51039669,756
51080199,757
51605969,758
51348614,759
51034209,760
50941179,761
51290479,762
51028574,763
51580489,764
50853364,765
50941109,766
51517804,767
51581539,768
50764289,769
51080339,770
50992629,771
51526869,772
51581329,773
50744549,774
50794774,775
51600334,776
51517874,777
51161714,778
50933829,779
51517349,780
51594139,781
50791519,782
51080234,783
50959589,784
51261394,785
51581714,786
51062489,787
50775769,788
51598724,789
51105329,790
51207074,791
51600369,792
51220304,793
50984159,794
51594069,795
50767894,796
51476259,797
51433209,798
51582939,799
51605514,800
50791520,801
50961515,802
50959590,803
51080200,804
51103755,805
51261430,806
51598550,807
51600685,808
51601315,809
51600335,810
51513360,811
50601680,812
51459215,813
51028575,814
51080235,815
51517875,816
51018600,817
51603065,818
51039670,819
50744585,820
50944330,821
51525645,822
51433210,823
51460685,824
50869535,825
49431595,826
51080270,827
50794775,828
51230525,829
51449660,830
50772235,831
51526870,832
50773705,833
50904360,834
51517350,835
50949090,836
51581330,837
51080305,838
49510695,839
50775805,840
51034175,841
51525890,842
50603745,843
51604045,844
51606215,845
51604570,846
51207040,847
51594630,848
51580490,849
51605970,850
51605550,851
50858125,852
51600370,853
51603485,854
51348615,855
51576395,856
51605935,857
51517840,858
51605480,859
51062490,860
51582310,861
51604010,862
51018635,863
50899075,864
51581540,865
51417215,866
51463485,867
51161715,868
51220410,869
50984090,870
51105330,871
51476260,872
51517805,873
51080340,874
51581750,875
51504470,876
51456170,877
51584270,878
50922245,879
51135675,880
50744480,881
51161680,882
51517385,883
51600720,884
51204695,885
49431665,886
51126855,887
51600721,888
51513361,889
51449696,890
51105331,891
51161681,892
51582906,893
51261396,894
51601316,895
51581716,896
51409901,897
50992631,898
51230526,899
51605516,900
51433211,901
51204696,902
51161716,903
50840381,904
50944366,905
51431181,906
51080236,907
51080341,908
51515496,909
51039671,910
51517386,911
50678576,912
50775771,913
51594071,914
51220376,915
51600336,916
51290446,917
51515461,918
51517876,919
51584306,920
51459776,921
51526871,922
51603311,923
50984126,924
51080201,925
51581331,926
51034211,927
51606181,928
50941111,929
51018601,930
51103756,931
50767021,932
50601681,933
51135676,934
51207076,935
50851091,936
51594141,937
50858161,938
51576851,939
51476261,940
51028576,941
51062491,942
51417251,943
51517806,944
51504471,945
51080306,946
51080271,947
50899076,948
50959591,949
51600686,950
51581541,951
50941181,952
50853401,953
50904396,954
51517841,955
51579966,956
51605971,957
50744516,958
51604536,959
51603066,960
51598726,961
50794776,962
51580491,963
51583676,964
51605936,965
51517351,966
51582312,967
50791522,968
51600722,969
51581752,970
50869537,971
51457852,972
50744552,973
50770767,974
50764222,975
51039672,976
51080342,977
51605972,978
51580492,979
51583712,980
50858162,981
51604572,982
51126857,983
51034177,984
50904362,985
51601317,986
51229197,987
51588157,988
51526872,989
50840382,990
50821272,991
50770697,992
51604047,993
50775807,994
50858127,995
51080307,996
51581542,997
50944332,998
51581332,999
51261432,1000
51080237,1001
51517877,1002
50767022,1003
51606392,1004
50764257,1005
51476262,1006
51504472,1007
50772237,1008
51606147,1009
51220412,1010
51600512,1011
51603067,1012
51603452,1013
51080202,1014
51605482,1015
51600337,1016
50853402,1017
51135677,1018
51461702,1019
51018602,1020
51604012,1021
51062492,1022
51605552,1023
50933762,1024
50603712,1025
50899077,1026
51517842,1027
51517807,1028
50601682,1029
50933797,1030
51576362,1031
50770732,1032
51028577,1033
51433212,1034
51103757,1035
51605937,1036
51230527,1037
51449732,1038
51204697,1039
51460687,1040
51161682,1041
51080272,1042
51513362,1043
51606217,1044
51525647,1045
51517352,1046
51449627,1047
51600687,1048
50949092,1049
51525892,1050
50922247,1051
50941147,1052
51463487,1053
49510697,1054
50794777,1055
51207042,1056
51582942,1057
51476263,1058
50959593,1059
50853403,1060
51458798,1061
51606183,1062
50744588,1063
51600723,1064
51581543,1065
50933833,1066
51290448,1067
51581718,1068
50869503,1069
51034213,1070
51600688,1071
51526873,1072
51004778,1073
51584273,1074
51517808,1075
50853368,1076
50603748,1077
51018603,1078
51080273,1079
51594073,1080
51603978,1081
49431703,1082
50764293,1083
51062493,1084
51161718,1085
50687503,1086
51261398,1087
51229198,1088
50775773,1089
51431183,1090
51417253,1091
51594143,1092
51588158,1093
50949058,1094
50794778,1095
49431563,1096
51600338,1097
51605938,1098
51515463,1099
51080203,1100
51207078,1101
51428418,1102
51605518,1103
50904398,1104
51433213,1105
51517353,1106
50949093,1107
51576398,1108
51513363,1109
51601318,1110
51039673,1111
51504473,1112
49431633,1113
50944368,1114
50992633,1115
51080238,1116
51581333,1117
51517843,1118
51603068,1119
51517878,1120
50840383,1121
51605973,1122
51161683,1123
51525893,1124
51028578,1125
51580493,1126
51456173,1127
51504474,1128
51476264,1129
51080204,1130
51604574,1131
51229199,1132
51605029,1133
51447704,1134
51598729,1135
50984129,1136
51600724,1137
51600339,1138
51605974,1139
51581544,1140
50744519,1141
50922249,1142
50941149,1143
51517879,1144
51603069,1145
51080239,1146
51126859,1147
51433214,1148
51018604,1149
50821274,1150
50959594,1151
51018639,1152
51583679,1153
51581334,1154
51581754,1155
50772239,1156
51582314,1157
50791524,1158
50775809,1159
50858129,1160
50794779,1161
50869539,1162
50944334,1163
50606094,1164
50899079,1165
50687504,1166
50904364,1167
51034179,1168
50773709,1169
51161684,1170
51605484,1171
50840384,1172
51606219,1173
51135679,1174
51517844,1175
51459219,1176
51517809,1177
51601319,1178
51517354,1179
51584309,1180
51600689,1181
51604014,1182
51605939,1183
50851164,1184
51261434,1185
51207044,1186
51220414,1187
51080274,1188
51526874,1189
50949059,1190
50949094,1191
51028579,1192
51579969,1193
50961519,1194
51605554,1195
51039674,1196
51006879,1197
51463489,1198
51449664,1199
50853404,1200
51582909,1201
51588159,1202
51513364,1203
51604049,1204
51062494,1205
51080240,1206
51220380,1207
51600690,1208
51517845,1209
51417255,1210
51598730,1211
51517880,1212
51459780,1213
51594075,1214
51005200,1215
51605520,1216
50851060,1217
51582770,1218
50949060,1219
51196090,1220
51605940,1221
51229200,1222
50744555,1223
51581335,1224
51594145,1225
51018605,1226
50923615,1227
51080205,1228
51581545,1229
51261400,1230
50899080,1231
51581720,1232
50904400,1233
51603070,1234
51290485,1235
50949095,1236
51513365,1237
51576365,1238
51576890,1239
51600725,1240
51018640,1241
51601320,1242
50851200,1243
51062495,1244
50959595,1245
51515465,1246
50941185,1247
51080275,1248
51525895,1249
51126825,1250
51517810,1251
51161720,1252
51602055,1253
51588160,1254
51476265,1255
51433215,1256
51330280,1257
51526875,1258
50794780,1259
51600340,1260
51080310,1261
51161685,1262
51458800,1263
51583715,1264
50853370,1265
50840385,1266
51449700,1267
50959560,1268
51517355,1269
50687505,1270
51135680,1271
51504475,1272
50775775,1273
50984165,1274
50992635,1275
50869505,1276
51603980,1277
51409905,1278
50944370,1279
51453935,1280
51034215,1281
51582945,1282
51544025,1283
51606185,1284
51605975,1285
51039675,1286
51028580,1287
50853405,1288
51207080,1289
50961521,1290
51600341,1291
50744591,1292
51433216,1293
51604576,1294
51601321,1295
50949096,1296
50770736,1297
51603071,1298
51161686,1299
50941151,1300
50775811,1301
50679911,1302
50791526,1303
51080276,1304
51526876,1305
50933731,1306
51603421,1307
50959596,1308
51588161,1309
51604051,1310
50904366,1311
51581336,1312
50944336,1313
50959561,1314
51452501,1315
51606221,1316
51600201,1317
50933766,1318
51605486,1319
51517846,1320
50603751,1321
50899081,1322
50764226,1323
51600726,1324
50822291,1325
50764261,1326
51581546,1327
51504476,1328
51126861,1329
49431671,1330
51463491,1331
51574686,1332
51576401,1333
51605941,1334
51330281,1335
51449631,1336
51461706,1337
51080311,1338
51605556,1339
51449736,1340
51605976,1341
51018641,1342
49431601,1343
50773711,1344
51080241,1345
50869541,1346
51461181,1347
51028581,1348
51229201,1349
51220416,1350
51476266,1351
50949061,1352
50772241,1353
50992601,1354
51261436,1355
51435596,1356
51517811,1357
51080206,1358
51447706,1359
51456176,1360
51207046,1361
50858131,1362
51431186,1363
51039676,1364
51513366,1365
51581756,1366
50687506,1367
50794781,1368
51517356,1369
51600691,1370
51525651,1371
51517881,1372
51062496,1373
51584276,1374
51604016,1375
51582316,1376
50764297,1377
50775777,1378
51603982,1379
51581722,1380
51517847,1381
51080207,1382
51196092,1383
51517812,1384
51600727,1385
51576892,1386
51521697,1387
51126827,1388
51603492,1389
51603072,1390
51161722,1391
51582912,1392
51600342,1393
50899082,1394
51004782,1395
51605522,1396
50687507,1397
51028582,1398
51594147,1399
51588162,1400
51517882,1401
51594077,1402
51229202,1403
51207082,1404
50850642,1405
51605942,1406
51417257,1407
50744522,1408
51526877,1409
49509862,1410
50933837,1411
50794782,1412
51584312,1413
50984132,1414
51161687,1415
51458802,1416
51311662,1417
51438432,1418
51605452,1419
51605977,1420
51476267,1421
51005202,1422
51062497,1423
51290452,1424
50603682,1425
50791527,1426
51579972,1427
50959562,1428
51018607,1429
50904402,1430
51034217,1431
50944372,1432
51581337,1433
51583682,1434
51604542,1435
51513367,1436
51606187,1437
50992637,1438
50869507,1439
51039677,1440
51525897,1441
51600692,1442
51330282,1443
50821277,1444
51457857,1445
51603282,1446
51080242,1447
51544027,1448
51080277,1449
51581547,1450
50949062,1451
51504477,1452
51261402,1453
51433218,1454
51595338,1455
50821278,1456
51080208,1457
51602058,1458
51028583,1459
51581338,1460
51220348,1461
51525653,1462
50961523,1463
50904368,1464
51062498,1465
50791528,1466
51517358,1467
51601323,1468
51207048,1469
51526878,1470
51126863,1471
51604053,1472
51080278,1473
50984168,1474
51574688,1475
51517848,1476
51517883,1477
50992603,1478
50923618,1479
50959598,1480
51161688,1481
50851133,1482
50869543,1483
51582318,1484
50744558,1485
50822293,1486
51449668,1487
51513368,1488
51330283,1489
51582948,1490
51229203,1491
51453903,1492
51034183,1493
51570558,1494
51605558,1495
51600343,1496
50922253,1497
51603073,1498
51604578,1499
51606223,1500
50899083,1501
51504478,1502
51517813,1503
51476268,1504
51463493,1505
51018608,1506
51605978,1507
51605488,1508
51605943,1509
51417223,1510
51600693,1511
51581758,1512
50794783,1513
50775813,1514
51039678,1515
50959563,1516
51261438,1517
51583718,1518
51600728,1519
50840388,1520
51588163,1521
51604018,1522
51080243,1523
50679913,1524
51581548,1525
50772243,1526
51515468,1527
51598733,1528
51581549,1529
51600729,1530
51600694,1531
51605524,1532
49431639,1533
51080279,1534
50949064,1535
51517359,1536
50744594,1537
50775779,1538
50603754,1539
51062499,1540
50840389,1541
51449704,1542
50899084,1543
49509864,1544
51521699,1545
51080314,1546
50922219,1547
50961489,1548
51005204,1549
51229204,1550
51459784,1551
51302039,1552
51476269,1553
51517884,1554
50944304,1555
51028584,1556
51576894,1557
51080209,1558
51417259,1559
51544029,1560
51517814,1561
51570559,1562
51513369,1563
51105304,1564
51525899,1565
51594149,1566
51595339,1567
51603074,1568
51605944,1569
51600344,1570
51034219,1571
51526879,1572
51261404,1573
51576369,1574
51604544,1575
51330284,1576
50679914,1577
51576404,1578
51126829,1579
50992639,1580
50766994,1581
50984099,1582
51161724,1583
51584279,1584
51458804,1585
50944374,1586
51161689,1587
51603459,1588
51582774,1589
51606189,1590
51409909,1591
51459224,1592
49512174,1593
50744489,1594
50858134,1595
51433219,1596
51581339,1597
51603144,1598
50869509,1599
51431154,1600
51461184,1601
50904404,1602
51452504,1603
51080244,1604
51605454,1605
50959564,1606
50687509,1607
50794784,1608
51504479,1609
50959599,1610
51207084,1611
50822294,1612
51517849,1613
51581724,1614
50941189,1615
50853374,1616
51606225,1617
51517360,1618
51579975,1619
51581760,1620
50923620,1621
51598735,1622
50770740,1623
50949065,1624
50687510,1625
50764230,1626
51207050,1627
51584315,1628
51515470,1629
51517885,1630
51604020,1631
50904370,1632
51161690,1633
50869545,1634
51449740,1635
51080210,1636
51517815,1637
50840390,1638
50899085,1639
51513370,1640
50933770,1641
51600695,1642
51463495,1643
50794785,1644
51018645,1645
51605560,1646
50603685,1647
51062500,1648
51080245,1649
50766995,1650
51576895,1651
51460660,1652
51229205,1653
51600660,1654
51570560,1655
50744525,1656
51261440,1657
51582320,1658
51126865,1659
51476270,1660
50775815,1661
51302040,1662
51605945,1663
50773715,1664
51220350,1665
51601325,1666
51034185,1667
51105305,1668
50933805,1669
51603145,1670
51417225,1671
50679915,1672
51604055,1673
51526880,1674
50853375,1675
51080280,1676
51600310,1677
51603075,1678
51600345,1679
51290455,1680
50961525,1681
51080315,1682
51018610,1683
50772245,1684
51605035,1685
50922255,1686
50959565,1687
51517850,1688
51459190,1689
51433220,1690
51605490,1691
51504480,1692
50959600,1693
51028585,1694
50822295,1695
51461710,1696
51581340,1697
51582915,1698
51583685,1699
50984135,1700
51230500,1701
50992605,1702
51417261,1703
50961491,1704
50775781,1705
51080246,1706
51080316,1707
50922221,1708
51600346,1709
51581341,1710
50949066,1711
50851066,1712
51536821,1713
51582951,1714
51326506,1715
50923621,1716
51504481,1717
51517816,1718
51606191,1719
51457861,1720
51581726,1721
50744561,1722
50851206,1723
50687511,1724
49512176,1725
51433221,1726
51517361,1727
51603076,1728
50679916,1729
51600521,1730
51594816,1731
51220316,1732
51600661,1733
51135651,1734
50858136,1735
50904406,1736
51526881,1737
50853376,1738
51161726,1739
51329026,1740
51062501,1741
51454081,1742
51480996,1743
51601326,1744
50822296,1745
51261406,1746
50992641,1747
51594151,1748
50764266,1749
51105306,1750
51570561,1751
51080281,1752
51605946,1753
51126831,1754
51605456,1755
49509866,1756
51458806,1757
50869511,1758
51605526,1759
51476271,1760
51290491,1761
51004786,1762
50764301,1763
50766996,1764
51080211,1765
50794786,1766
51018646,1767
51220386,1768
51302041,1769
50944306,1770
50601656,1771
51229206,1772
51207086,1773
51204671,1774
51103766,1775
51600696,1776
51161691,1777
51018611,1778
51513371,1779
51583721,1780
51517851,1781
51517886,1782
51034221,1783
51028586,1784
51605562,1785
51018612,1786
51584282,1787
51570562,1788
49431677,1789
51062502,1790
51517362,1791
51525902,1792
51582322,1793
51103767,1794
50869547,1795
50904372,1796
51606227,1797
50922257,1798
51594817,1799
50992607,1800
51576407,1801
51526882,1802
50853377,1803
51006887,1804
51028587,1805
51463497,1806
51504482,1807
51605947,1808
51161692,1809
51204672,1810
51604057,1811
51261442,1812
51431157,1813
51105307,1814
51135652,1815
51574692,1816
50961527,1817
51449672,1818
51461187,1819
50941157,1820
51452507,1821
50601657,1822
49431607,1823
51207052,1824
51581762,1825
51604022,1826
50944342,1827
51517887,1828
50679917,1829
51034187,1830
51417227,1831
50603757,1832
51517817,1833
51197427,1834
51603077,1835
51600347,1836
51600697,1837
51080212,1838
51603427,1839
51581342,1840
50923622,1841
51018647,1842
51080282,1843
51329027,1844
51605492,1845
51476272,1846
51126867,1847
51517852,1848
50687512,1849
51598737,1850
50850647,1851
51600662,1852
51513372,1853
51152032,1854
50794787,1855
50775817,1856
51080247,1857
51515472,1858
50766998,1859
50944308,1860
51161693,1861
51080248,1862
51601608,1863
51594153,1864
51229208,1865
51458808,1866
51579978,1867
51018648,1868
49512178,1869
50851103,1870
51207088,1871
51459788,1872
50922223,1873
51062468,1874
51594818,1875
51476273,1876
50679918,1877
51504483,1878
51605528,1879
51570563,1880
51080283,1881
51080213,1882
51517818,1883
50775783,1884
50744528,1885
50992643,1886
51584318,1887
50923623,1888
51018613,1889
51603078,1890
51605948,1891
51576338,1892
51604548,1893
50961493,1894
51517853,1895
51581728,1896
51603498,1897
51433223,1898
51105308,1899
51460663,1900
51459228,1901
51329028,1902
51204673,1903
51062503,1904
51418768,1905
51261408,1906
51583688,1907
50840393,1908
51517888,1909
51605458,1910
50858138,1911
50904408,1912
51513373,1913
51598458,1914
51606193,1915
51600348,1916
50586258,1917
51461678,1918
51582918,1919
50601658,1920
50687513,1921
51135653,1922
50869513,1923
51034223,1924
51028588,1925
51517363,1926
51581343,1927
51449708,1928
51454083,1929
51600698,1930
51152033,1931
51002654,1932
51517819,1933
50933809,1934
51526884,1935
51080214,1936
50601659,1937
50840394,1938
50933739,1939
51080284,1940
50766999,1941
51080319,1942
51229209,1943
50791499,1944
50961529,1945
51103769,1946
51317269,1947
51461714,1948
51461189,1949
51581344,1950
51600699,1951
51018649,1952
51504484,1953
51600314,1954
50770744,1955
51161694,1956
51581764,1957
51453909,1958
51034189,1959
51196134,1960
51105309,1961
51289164,1962
50775819,1963
51517889,1964
51417229,1965
51604024,1966
51028589,1967
50744564,1968
51594819,1969
51577599,1970
51605949,1971
51605494,1972
50679919,1973
50869549,1974
50603724,1975
51126869,1976
51080249,1977
51207054,1978
50851139,1979
51476274,1980
51453944,1981
51517364,1982
50687514,1983
51582324,1984
51062469,1985
51346949,1986
51517854,1987
51433224,1988
51135654,1989
50941159,1990
51261444,1991
51598739,1992
50949069,1993
51018614,1994
51600349,1995
51583724,1996
51431194,1997
51570564,1998
51603079,1999
50770709,2000
51601609,2001
51204674,2002
51329029,2003
51513374,2004
51605564,2005
51606229,2006
51454084,2007
50933774,2008
50904374,2009
51062504,2010
50923624,2011
51604059,2012
50922259,2013
51515474,2014
50794789,2015
51290460,2016
51161695,2017
51584285,2018
51458810,2019
51594155,2020
50764270,2021
50904410,2022
51605950,2023
51603080,2024
51463430,2025
51600315,2026
51034225,2027
51018615,2028
50944310,2029
49431575,2030
50992645,2031
51581730,2032
50679920,2033
51161730,2034
51062470,2035
51326510,2036
51207090,2037
51605530,2038
51080250,2039
51577600,2040
51570565,2041
50944380,2042
51080285,2043
51526885,2044
51517820,2045
50687515,2046
50767000,2047
50949105,2048
50984140,2049
51433225,2050
51576375,2051
50853380,2052
51457865,2053
49431645,2054
51581345,2055
51601855,2056
50791500,2057
51605460,2058
51080320,2059
50794790,2060
51028590,2061
50744495,2062
51418770,2063
51346950,2064
51196170,2065
51430985,2066
50949070,2067
50869515,2068
50858140,2069
51604970,2070
50923625,2071
51080215,2072
51220390,2073
51459195,2074
51600350,2075
51517890,2076
51460665,2077
51513375,2078
51018650,2079
51062505,2080
50959570,2081
51126835,2082
51004790,2083
51135655,2084
51504485,2085
50764305,2086
51576305,2087
51476275,2088
51600700,2089
51517855,2090
51081405,2091
51204675,2092
51452510,2093
51517365,2094
51604550,2095
50775785,2096
51105310,2097
51603465,2098
51229210,2099
51594820,2100
51606195,2101
50768436,2102
51583691,2103
51605951,2104
51229211,2105
50961531,2106
51603151,2107
51600701,2108
50687516,2109
50744531,2110
51289166,2111
51152036,2112
50768646,2113
51347616,2114
50923626,2115
51034191,2116
51080216,2117
51417231,2118
51103771,2119
51454086,2120
50949071,2121
51457831,2122
51326511,2123
51018651,2124
50679921,2125
50791501,2126
51463431,2127
51003321,2128
51080321,2129
51604971,2130
51018616,2131
51570566,2132
51581766,2133
51449676,2134
51207056,2135
51603081,2136
50922261,2137
51517366,2138
51517821,2139
51579981,2140
50606106,2141
51105311,2142
51582326,2143
51582921,2144
51605566,2145
51126871,2146
51430986,2147
51161696,2148
51515476,2149
51028591,2150
51261446,2151
51576411,2152
51002656,2153
50775821,2154
51600316,2155
51226446,2156
51135656,2157
51204676,2158
51062471,2159
50944346,2160
51517891,2161
51517856,2162
51513376,2163
51525906,2164
51504486,2165
50794791,2166
50851176,2167
50853381,2168
51476276,2169
50904376,2170
51604061,2171
51080251,2172
51325741,2173
51604026,2174
51080286,2175
50941161,2176
50773721,2177
51598741,2178
51062506,2179
51600351,2180
51205657,2181
51433227,2182
50959572,2183
51080217,2184
51604972,2185
51606197,2186
51229212,2187
51513377,2188
51600317,2189
51220392,2190
51570567,2191
51583727,2192
50984177,2193
51261412,2194
51418772,2195
51517892,2196
51220322,2197
50949072,2198
51525907,2199
51600702,2200
51459232,2201
51504487,2202
51325742,2203
51517857,2204
50601662,2205
51226447,2206
50869517,2207
50687517,2208
50679922,2209
50869552,2210
51594157,2211
51081407,2212
51126837,2213
51034227,2214
50923627,2215
51062472,2216
51207092,2217
51080252,2218
51517822,2219
51458812,2220
51161697,2221
51018652,2222
51463432,2223
51347617,2224
51461682,2225
51601857,2226
51062507,2227
51135657,2228
50599037,2229
50851212,2230
51605952,2231
50744567,2232
51018617,2233
51028592,2234
51449712,2235
51531262,2236
51526887,2237
51476277,2238
51603082,2239
50904412,2240
51600352,2241
51080287,2242
51605532,2243
50775787,2244
50791502,2245
50961497,2246
50899092,2247
51605462,2248
51605182,2249
50764237,2250
50944382,2251
51430987,2252
51459792,2253
50944312,2254
51581732,2255
50603727,2256
50767002,2257
50858142,2258
51517367,2259
51204677,2260
51604063,2261
49431683,2262
51034193,2263
50599038,2264
51018618,2265
50768648,2266
50904378,2267
51605953,2268
51062508,2269
50770748,2270
51152038,2271
51261448,2272
51161698,2273
51517858,2274
51430988,2275
51454088,2276
50959573,2277
50944348,2278
50851073,2279
51229213,2280
51347618,2281
50992613,2282
50794793,2283
51080218,2284
50770713,2285
50767003,2286
51002658,2287
51600703,2288
51080323,2289
51603083,2290
51325743,2291
51428433,2292
51582328,2293
50949073,2294
50984108,2295
51605568,2296
51126873,2297
51418773,2298
50791503,2299
51207058,2300
51018653,2301
50775823,2302
51080253,2303
50933813,2304
51461158,2305
51517368,2306
51455278,2307
50768438,2308
51062473,2309
51080288,2310
49431613,2311
50923628,2312
51135658,2313
51018583,2314
51584288,2315
50899093,2316
51476278,2317
51417233,2318
51452513,2319
51517823,2320
51598743,2321
51461718,2322
51028593,2323
51604028,2324
51481143,2325
50687518,2326
51513378,2327
51460668,2328
50773723,2329
51517893,2330
50853383,2331
51433228,2332
51526888,2333
51570568,2334
51515478,2335
51600353,2336
51581768,2337
50601663,2338
50961533,2339
51576308,2340
50922263,2341
51204678,2342
51504488,2343
50687519,2344
50794794,2345
51290464,2346
50899094,2347
50923629,2348
51517824,2349
51152039,2350
51207094,2351
50767004,2352
51517859,2353
50586264,2354
51080219,2355
50775789,2356
51570569,2357
51604554,2358
51600354,2359
50904414,2360
51517894,2361
50869519,2362
51504489,2363
51600704,2364
50869554,2365
51433229,2366
51525909,2367
51603434,2368
50744534,2369
51459199,2370
51605919,2371
50764309,2372
51605464,2373
51062509,2374
50764274,2375
51028594,2376
51261414,2377
51161699,2378
50791504,2379
50949074,2380
51220394,2381
51603084,2382
51605954,2383
51526889,2384
50906654,2385
51476279,2386
51513379,2387
51457869,2388
51517369,2389
51582924,2390
51430989,2391
51126839,2392
51080289,2393
51204679,2394
51579984,2395
51581734,2396
50599039,2397
51347619,2398
51605534,2399
50959574,2400
51135659,2401
51606199,2402
50858144,2403
51583694,2404
51080254,2405
50858109,2406
50851109,2407
51418774,2408
51458814,2409
51034229,2410
51018654,2411
51105314,2412
51605184,2413
51428434,2414
51581770,2415
51517370,2416
51600355,2417
51430990,2418
51582330,2419
51583730,2420
51570570,2421
51576415,2422
51604030,2423
51028595,2424
51535115,2425
51080220,2426
50791505,2427
51161735,2428
51598745,2429
50922265,2430
51347620,2431
50961535,2432
51417235,2433
51261450,2434
50775825,2435
50992615,2436
51034195,2437
51517825,2438
51517895,2439
51135660,2440
51603085,2441
51018655,2442
50923630,2443
51515480,2444
51006895,2445
51504490,2446
51428435,2447
51605500,2448
50603730,2449
50599040,2450
51517860,2451
51605920,2452
51080290,2453
51105315,2454
50906655,2455
51418775,2456
50904380,2457
51080255,2458
50944350,2459
50744570,2460
51600705,2461
51605955,2462
51604065,2463
51161700,2464
51476280,2465
51080325,2466
50606110,2467
50687520,2468
51449680,2469
50851145,2470
50794795,2471
50959575,2472
50949075,2473
51600530,2474
51062510,2475
51459760,2476
50944316,2477
51161736,2478
51430991,2479
51461686,2480
50603766,2481
51582891,2482
51290501,2483
51034231,2484
51204681,2485
50775791,2486
51605536,2487
51459796,2488
51461161,2489
51453916,2490
51018621,2491
51476281,2492
51594161,2493
50869521,2494
51126841,2495
51207026,2496
50687521,2497
50767006,2498
51458816,2499
50599041,2500
51600706,2501
51570571,2502
51018656,2503
51105316,2504
51290466,2505
51080291,2506
51135661,2507
51080256,2508
50959576,2509
50961501,2510
51605466,2511
51457836,2512
49431581,2513
51525911,2514
51605956,2515
50870396,2516
50904416,2517
51028596,2518
51517861,2519
51584291,2520
51605921,2521
51579601,2522
50794796,2523
51517371,2524
50764241,2525
51207096,2526
50949076,2527
50906656,2528
51460671,2529
51603086,2530
51581736,2531
51588421,2532
50923631,2533
51428436,2534
50984111,2535
51517896,2536
50601666,2537
51062511,2538
51595771,2539
51080326,2540
51161701,2541
49431651,2542
50791506,2543
51347621,2544
51583661,2545
51517826,2546
51606201,2547
51080221,2548
51196106,2549
51261416,2550
51600356,2551
50869556,2552
51517827,2553
51062512,2554
50764277,2555
51582927,2556
51598747,2557
50794797,2558
51517862,2559
51080292,2560
50770752,2561
50687522,2562
51603472,2563
51604067,2564
51018622,2565
51080222,2566
50775827,2567
51205662,2568
51603087,2569
51161702,2570
51080257,2571
50904382,2572
50851182,2573
51301912,2574
51204682,2575
51601302,2576
51605922,2577
50770717,2578
51261452,2579
51600672,2580
51105317,2581
51570572,2582
50944352,2583
51347622,2584
51207062,2585
51583697,2586
50601667,2587
50858147,2588
51428437,2589
50949077,2590
51605502,2591
51454862,2592
51580757,2593
51600707,2594
51600357,2595
50933782,2596
50959577,2597
51600112,2598
51588422,2599
51417237,2600
51455282,2601
50767007,2602
51517372,2603
51517897,2604
51605957,2605
51579602,2606
51004132,2607
51020477,2608
51603157,2609
50744537,2610
50961537,2611
50606112,2612
51476282,2613
51449647,2614
50923632,2615
50941167,2616
51582332,2617
51135662,2618
51103742,2619
50791507,2620
51576383,2621
50603733,2622
51018623,2623
51517828,2624
51476283,2625
50949078,2626
50599043,2627
51062478,2628
51457873,2629
50984183,2630
50744573,2631
50961503,2632
51161738,2633
50678563,2634
51080293,2635
51515483,2636
50853388,2637
51290468,2638
51605468,2639
51126843,2640
51525913,2641
51080223,2642
51459203,2643
51428438,2644
51105318,2645
50764313,2646
51161703,2647
51517373,2648
51195443,2649
50944318,2650
51605958,2651
51205663,2652
50767008,2653
50772223,2654
51461163,2655
50775793,2656
50899063,2657
51460673,2658
50794798,2659
51600708,2660
51595773,2661
51034233,2662
50850658,2663
51579603,2664
51207098,2665
51080328,2666
51603158,2667
51536203,2668
51018658,2669
51204683,2670
51207028,2671
51581738,2672
51600673,2673
51576348,2674
51448213,2675
51594478,2676
51603088,2677
50858113,2678
50922233,2679
51604033,2680
51517898,2681
51605538,2682
50906658,2683
51517863,2684
51062513,2685
51606203,2686
50851218,2687
50869523,2688
50791508,2689
51080258,2690
51458818,2691
51600358,2692
51581528,2693
51551533,2694
50687523,2695
51261418,2696
51600323,2697
51428439,2698
51517899,2699
51476284,2700
51582894,2701
50601669,2702
51207064,2703
51062514,2704
51582334,2705
51581529,2706
51517864,2707
51584294,2708
51594129,2709
50606114,2710
51161739,2711
51230514,2712
51600359,2713
51018659,2714
50850624,2715
51536204,2716
50768654,2717
50791509,2718
50944354,2719
51204684,2720
50992619,2721
50941169,2722
51003329,2723
51261454,2724
51080259,2725
51459764,2726
51535119,2727
51062479,2728
51301914,2729
51034199,2730
51517829,2731
51517374,2732
51018589,2733
51105319,2734
51080294,2735
51103744,2736
51604069,2737
51018624,2738
50959579,2739
51455284,2740
51449684,2741
50869559,2742
50899099,2743
51606169,2744
51290504,2745
51604524,2746
51135664,2747
51448214,2748
51600709,2749
51605959,2750
51579604,2751
51080224,2752
50899064,2753
50853389,2754
51261384,2755
51161704,2756
50767009,2757
51588424,2758
50904384,2759
50858149,2760
49431689,2761
50687524,2762
51551534,2763
50923634,2764
51583664,2765
50961539,2766
50850659,2767
51229184,2768
50775829,2769
50922269,2770
