51240,0
149065,1
261730,2
350175,3
367290,4
367885,5
62370,6
363860,7
367640,8
369635,9
134890,10
357700,11
360220,12
260645,13
249585,14
356440,15
347760,16
369145,17
194040,18
170800,19
109620,20
4095,21
257950,22
32515,23
368970,24
244160,25
128800,26
5845,27
368480,28
368095,29
245210,30
154140,31
258615,32
100870,33
79975,34
368935,35
201250,36
250425,37
347725,38
74795,39
366975,40
60340,41
356300,42
162120,43
96425,44
258930,45
261625,46
117495,47
364070,48
241115,49
349475,50
368025,51
367395,52
138145,53
96810,54
247730,55
364735,56
367745,57
5950,58
344085,59
367255,60
141960,61
367045,62
110880,63
368865,64
195475,65
218960,66
15820,67
368655,68
357245,69
32865,70
226590,71
250530,72
256305,73
197190,74
4655,75
249725,76
260925,77
175700,78
364035,79
6265,80
182770,81
224735,82
237615,83
4865,84
357490,85
361585,86
357175,87
369215,88
226240,89
103985,90
245455,91
221620,92
7070,93
345380,94
362355,95
368620,96
368725,97
18690,98
358260,99
246610,100
4340,101
366660,102
187110,103
367010,104
254940,105
366590,106
361865,107
347270,108
370160,109
238420,110
359100,111
220010,112
238630,113
247135,114
249235,115
352940,116
196210,117
253820,118
358400,119
368795,120
370335,121
43715,122
358715,123
137095,124
244020,125
259665,126
367850,127
187355,128
366135,129
368165,130
250040,131
369880,132
353500,133
360570,134
174790,135
59220,136
201950,137
369670,138
369845,139
79940,140
62475,141
342685,142
228095,143
67130,144
367955,145
368445,146
19985,147
368200,148
144130,149
193340,150
361515,151
8435,152
259245,153
358085,154
355705,155
367150,156
239645,157
134925,158
368830,159
369495,160
369565,161
67061,162
258931,163
61111,164
8331,165
364071,166
364736,167
249586,168
367256,169
357491,170
66641,171
367046,172
347726,173
358401,174
240451,175
198871,176
149416,177
357841,178
168911,179
367746,180
343666,181
244161,182
368831,183
4621,184
155996,185
143326,186
367711,187
346641,188
38921,189
245211,190
179656,191
369146,192
224141,193
216091,194
369601,195
1,196
366976,197
131846,198
368271,199
367466,200
348181,201
369321,202
367781,203
343526,204
368796,205
229986,206
222671,207
368446,208
245631,209
5356,210
98071,211
361586,212
255991,213
238246,214
4376,215
368131,216
221551,217
85576,218
34196,219
195161,220
37416,221
249831,222
369216,223
258651,224
133911,225
214936,226
186761,227
368621,228
201111,229
367816,230
18481,231
137586,232
367956,233
43856,234
157851,235
94746,236
216371,237
41441,238
368761,239
368971,240
248676,241
18516,242
218646,243
345241,244
367851,245
143641,246
370371,247
244091,248
217981,249
260051,250
367011,251
342686,252
33706,253
246646,254
220011,255
364876,256
100206,257
5181,258
356721,259
6126,260
50191,261
362776,262
195931,263
356861,264
368026,265
357701,266
342651,267
368166,268
8576,269
230091,270
357456,271
366941,272
361516,273
119631,274
365681,275
246366,276
73501,277
358716,278
369566,279
176506,280
233521,281
194146,282
239961,283
360431,284
72941,285
182736,286
52641,287
170801,288
244791,289
6161,290
213256,291
356091,292
369006,293
353151,294
365716,295
360326,296
244021,297
359416,298
72451,299
356056,300
51486,301
355426,302
368481,303
245246,304
360256,305
168071,306
200866,307
135346,308
369496,309
220746,310
246611,311
257566,312
227116,313
369636,314
363231,315
220711,316
243706,317
369671,318
259596,319
369881,320
37871,321
166566,322
234221,323
14596,324
164746,325
137481,326
207341,327
238946,328
358506,329
369286,330
370161,331
5812,332
133807,333
342162,334
367957,335
249622,336
256167,337
58592,338
241817,339
368972,340
245352,341
256867,342
94607,343
243707,344
258687,345
363232,346
118792,347
259247,348
259667,349
212977,350
89497,351
129012,352
359557,353
350352,354
348742,355
246437,356
64052,357
75287,358
368027,359
57857,360
369847,361
343002,362
357422,363
152987,364
244197,365
250497,366
46097,367
192257,368
254242,369
213187,370
38992,371
13827,372
218612,373
370022,374
169822,375
51277,376
365157,377
367852,378
184662,379
36892,380
369147,381
213502,382
225542,383
73187,384
89637,385
136397,386
247627,387
345767,388
367012,389
5357,390
206537,391
365752,392
368622,393
183297,394
43122,395
244512,396
258617,397
203492,398
249272,399
363932,400
32272,401
356057,402
5182,403
4377,404
226627,405
366242,406
359417,407
258057,408
343562,409
11727,410
256692,411
367782,412
370407,413
228762,414
366977,415
366137,416
369567,417
260647,418
346642,419
55757,420
244127,421
353222,422
222672,423
229077,424
345382,425
16802,426
344157,427
364072,428
350632,429
245632,430
68882,431
60062,432
120647,433
368447,434
181267,435
38467,436
254942,437
206327,438
109972,439
209302,440
366627,441
139617,442
368237,443
72662,444
189982,445
346082,446
345347,447
253087,448
233452,449
351087,450
368762,451
170802,452
224422,453
194917,454
79662,455
369637,456
352977,457
18377,458
356162,459
167687,460
260682,461
368797,462
259002,463
168597,464
201392,465
59012,466
8087,467
367712,468
369812,469
246612,470
126772,471
218577,472
362847,473
36122,474
369532,475
88272,476
41897,477
4622,478
342617,479
363057,480
369322,481
43017,482
342337,483
364912,484
367642,485
357632,486
229567,487
363267,488
167512,489
218962,490
213537,491
249237,492
357247,493
134717,494
116902,495
367747,496
47917,497
236567,498
344577,499
368902,500
64752,501
369672,502
369917,503
369007,504
368097,505
370162,506
79907,507
234607,508
367397,509
370197,510
141227,511
240312,512
244302,513
259597,514
360082,515
362567,516
13057,517
366172,518
198872,519
355987,520
369882,521
52537,522
219208,523
351473,524
51138,525
17223,526
369813,527
227293,528
246648,529
141018,530
368238,531
248293,532
254838,533
187988,534
369323,535
60063,536
342163,537
246158,538
62478,539
81623,540
135488,541
254313,542
170243,543
174828,544
358088,545
359103,546
52538,547
358403,548
369008,549
363863,550
364633,551
201148,552
236568,553
207308,554
346678,555
369533,556
347868,557
344578,558
254663,559
357633,560
102728,561
357773,562
202723,563
369673,564
167443,565
176543,566
260543,567
368203,568
369288,569
220748,570
15543,571
370023,572
244723,573
110848,574
367958,575
369498,576
65313,577
177138,578
349198,579
241468,580
358543,581
255503,582
232158,583
138883,584
369148,585
367048,586
369918,587
49073,588
51278,589
259668,590
261733,591
348288,592
366978,593
43648,594
134893,595
343248,596
63563,597
368168,598
368448,599
102553,600
83303,601
183333,602
344823,603
368973,604
368903,605
352523,606
249483,607
250113,608
260578,609
355953,610
368028,611
258653,612
6058,613
367153,614
369883,615
367748,616
90513,617
243323,618
250813,619
350528,620
260403,621
354133,622
46763,623
153758,624
212978,625
257533,626
254243,627
210843,628
109973,629
369568,630
348533,631
219803,632
197718,633
364073,634
14423,635
195898,636
59223,637
243708,638
182703,639
239263,640
230618,641
344648,642
245668,643
368763,644
365753,645
225368,646
260368,647
368938,648
87503,649
199923,650
250428,651
367783,652
367713,653
87048,654
227013,655
260648,656
60133,657
368868,658
132128,659
356058,660
213748,661
213118,662
368658,663
14038,664
369603,665
72733,666
368098,667
346643,668
257078,669
177908,670
342653,671
257568,672
146793,673
259423,674
370198,675
99473,676
239333,677
72138,678
254908,679
67203,680
358298,681
19638,682
143118,683
50228,684
256413,685
367643,686
31748,687
367923,688
149453,689
38223,690
367818,691
359278,692
159078,693
369638,694
166603,695
138148,696
8298,697
368798,698
361868,699
346329,700
369534,701
170069,702
130414,703
38119,704
352734,705
256904,706
18519,707
369674,708
185504,709
367889,710
228764,711
9839,712
59364,713
147179,714
368239,715
369009,716
243464,717
359279,718
367504,719
4344,720
369499,721
56494,722
362779,723
366979,724
370024,725
90969,726
35459,727
83304,728
106614,729
356409,730
261594,731
354834,732
368029,733
256974,734
356794,735
31679,736
154669,737
170559,738
131009,739
19884,740
136469,741
63354,742
369639,743
160304,744
356724,745
150609,746
368099,747
368904,748
248679,749
247874,750
205594,751
353714,752
209759,753
363619,754
215954,755
366594,756
253614,757
247489,758
360049,759
6304,760
5884,761
365754,762
245354,763
369849,764
367784,765
198104,766
370199,767
31749,768
90234,769
95029,770
367819,771
9874,772
69164,773
170244,774
257569,775
361589,776
359629,777
244024,778
367749,779
192399,780
190579,781
46309,782
99929,783
210844,784
244759,785
367154,786
50194,787
212139,788
160759,789
369919,790
50229,791
217319,792
368169,793
368449,794
76514,795
166289,796
354484,797
161319,798
367924,799
226244,800
357669,801
131394,802
167689,803
215709,804
245109,805
368729,806
369149,807
366629,808
367854,809
228099,810
173674,811
183754,812
359419,813
357074,814
355989,815
228449,816
253999,817
356864,818
357844,819
369569,820
5849,821
342444,822
52504,823
71509,824
192889,825
255504,826
48024,827
368659,828
241994,829
356164,830
68534,831
197824,832
369884,833
254909,834
351229,835
238599,836
111059,837
356059,838
368799,839
343529,840
15194,841
352979,842
368974,843
369184,844
246614,845
350669,846
169824,847
367714,848
259669,849
350670,850
368730,851
348780,852
369115,853
370410,854
369745,855
368625,856
171435,857
369885,858
369535,859
234995,860
250570,861
368940,862
365580,863
367715,864
4940,865
368450,866
369675,867
368205,868
369850,869
42600,870
214485,871
370095,872
178225,873
223865,874
245355,875
6270,876
186730,877
360330,878
4415,879
184665,880
197685,881
257255,882
344195,883
344160,884
20305,885
113125,886
363935,887
135910,888
195270,889
243395,890
344580,891
364390,892
367960,893
368030,894
369640,895
40675,896
237235,897
90410,898
195060,899
167690,900
362255,901
87540,902
12465,903
230795,904
244095,905
97445,906
346645,907
248015,908
245180,909
362605,910
357565,911
357040,912
368975,913
115785,914
352910,915
362045,916
132515,917
134090,918
209760,919
164750,920
244795,921
360470,922
200310,923
180255,924
367785,925
346400,926
369010,927
359630,928
192820,929
226245,930
245110,931
123345,932
248820,933
48970,934
56915,935
366490,936
359490,937
368485,938
240455,939
351090,940
352280,941
36685,942
369605,943
161880,944
369500,945
369815,946
356690,947
361450,948
109975,949
358510,950
220960,951
95345,952
39485,953
364040,954
227610,955
62480,956
20270,957
368905,958
51490,959
368170,960
360225,961
363620,962
36545,963
45680,964
158345,965
247350,966
353715,967
110290,968
218545,969
369080,970
356445,971
69165,972
201885,973
204405,974
357670,975
367365,976
368800,977
259600,978
366980,979
204790,980
365755,981
31540,982
246335,983
170770,984
259670,985
238250,986
231565,987
349060,988
120020,989
207240,990
34060,991
369920,992
194360,993
123870,994
367820,995
244060,996
6095,997
348710,998
144485,999
364880,1000
89675,1001
254350,1002
130065,1003
253090,1004
195165,1005
8930,1006
100140,1007
369150,1008
61570,1009
257080,1010
247665,1011
94750,1012
40081,1013
347486,1014
368486,1015
256906,1016
359456,1017
368031,1018
361521,1019
7041,1020
132516,1021
193906,1022
10716,1023
364076,1024
5956,1025
73436,1026
172381,1027
368801,1028
361731,1029
369221,1030
233211,1031
56916,1032
231006,1033
181656,1034
118481,1035
360471,1036
204476,1037
71861,1038
244271,1039
259461,1040
369886,1041
347801,1042
370131,1043
115786,1044
361626,1045
367016,1046
365021,1047
160026,1048
347941,1049
56076,1050
62831,1051
167691,1052
207976,1053
358861,1054
199226,1055
244306,1056
367786,1057
241191,1058
180256,1059
175076,1060
209761,1061
70951,1062
247211,1063
144801,1064
224776,1065
100421,1066
368731,1067
244341,1068
368941,1069
166851,1070
43651,1071
369081,1072
153166,1073
356936,1074
221836,1075
105881,1076
48026,1077
369676,1078
178086,1079
356691,1080
231356,1081
128701,1082
192261,1083
228311,1084
243466,1085
348326,1086
26326,1087
362011,1088
18486,1089
6201,1090
369151,1091
99021,1092
143191,1093
362116,1094
123836,1095
370061,1096
368241,1097
171226,1098
244166,1099
369116,1100
366946,1101
355536,1102
367891,1103
368976,1104
369501,1105
195971,1106
72456,1107
367821,1108
223866,1109
227506,1110
357951,1111
133566,1112
348746,1113
4836,1114
367961,1115
31926,1116
7881,1117
355746,1118
259636,1119
357706,1120
49181,1121
367436,1122
365721,1123
48621,1124
369816,1125
195061,1126
343496,1127
369011,1128
229676,1129
34201,1130
238426,1131
353261,1132
259671,1133
359421,1134
254946,1135
346646,1136
4416,1137
365301,1138
167271,1139
369956,1140
182356,1141
8546,1142
360506,1143
244796,1144
111271,1145
196531,1146
203496,1147
190371,1148
15161,1149
157751,1150
368661,1151
216376,1152
219911,1153
369536,1154
244131,1155
189321,1156
248401,1157
359631,1158
249346,1159
369641,1160
135421,1161
369291,1162
228381,1163
47641,1164
357566,1165
367856,1166
349796,1167
369256,1168
52436,1169
247351,1170
355991,1171
249416,1172
368136,1173
44596,1174
145536,1175
344652,1176
228347,1177
38962,1178
221837,1179
34202,1180
17892,1181
207977,1182
116802,1183
245357,1184
16562,1185
356692,1186
369152,1187
368207,1188
97272,1189
5362,1190
253407,1191
237867,1192
173152,1193
369222,1194
254352,1195
369817,1196
183197,1197
355957,1198
365127,1199
188832,1200
196077,1201
74312,1202
220927,1203
258027,1204
368137,1205
364882,1206
368977,1207
45542,1208
20167,1209
244937,1210
260232,1211
259812,1212
368942,1213
49147,1214
345492,1215
31927,1216
4732,1217
186277,1218
220717,1219
207732,1220
357952,1221
184807,1222
186172,1223
355782,1224
103117,1225
368032,1226
368487,1227
368242,1228
362747,1229
145712,1230
368452,1231
369537,1232
62062,1233
199892,1234
369292,1235
112847,1236
6027,1237
369852,1238
192822,1239
360087,1240
260477,1241
204477,1242
244342,1243
216972,1244
65317,1245
362992,1246
355117,1247
19677,1248
247527,1249
71967,1250
255402,1251
105602,1252
12047,1253
163352,1254
366947,1255
352422,1256
369257,1257
367052,1258
160902,1259
228312,1260
368732,1261
133252,1262
367367,1263
369922,1264
120372,1265
367157,1266
259112,1267
367997,1268
80717,1269
366982,1270
368662,1271
168602,1272
368627,1273
369327,1274
130592,1275
43092,1276
357007,1277
11837,1278
370062,1279
124887,1280
219037,1281
180257,1282
246442,1283
369677,1284
109417,1285
98987,1286
236747,1287
254072,1288
346297,1289
13202,1290
83237,1291
150122,1292
367962,1293
362117,1294
218407,1295
356167,1296
132832,1297
369012,1298
96607,1299
192997,1300
36897,1301
195972,1302
367787,1303
246617,1304
259567,1305
254282,1306
239512,1307
124782,1308
195167,1309
246302,1310
255437,1311
135667,1312
368802,1313
350672,1314
97867,1315
236887,1316
128702,1317
345947,1318
365442,1319
15757,1320
138852,1321
203392,1322
163877,1323
366667,1324
350637,1325
367857,1326
154707,1327
254002,1328
370132,1329
247877,1330
37807,1331
244202,1332
343567,1333
369572,1334
71897,1335
5782,1336
55762,1337
343252,1338
365022,1339
236607,1340
44982,1341
250327,1342
369992,1343
15582,1344
369187,1345
247737,1346
55622,1347
367717,1348
368172,1349
254247,1350
142037,1351
367822,1352
347488,1353
365128,1354
367718,1355
364743,1356
20133,1357
369188,1358
247528,1359
367788,1360
149563,1361
7148,1362
369503,1363
175393,1364
368243,1365
163318,1366
369538,1367
248123,1368
152643,1369
204478,1370
259848,1371
163913,1372
185403,1373
255473,1374
342133,1375
88663,1376
366248,1377
346648,1378
369853,1379
369293,1380
369013,1381
367823,1382
62448,1383
182253,1384
366983,1385
360123,1386
366213,1387
362538,1388
365443,1389
244693,1390
153343,1391
259638,1392
111518,1393
258833,1394
363973,1395
128703,1396
250363,1397
356028,1398
234193,1399
361523,1400
368138,1401
369678,1402
93948,1403
368943,1404
369573,1405
183338,1406
186803,1407
4628,1408
362783,1409
217673,1410
47958,1411
98288,1412
171438,1413
255228,1414
196498,1415
196813,1416
15408,1417
83343,1418
362503,1419
216693,1420
128283,1421
225058,1422
196533,1423
181483,1424
238393,1425
244028,1426
189218,1427
369608,1428
228313,1429
214908,1430
164158,1431
366633,1432
4348,1433
46488,1434
364323,1435
367963,1436
16633,1437
343778,1438
4663,1439
16073,1440
153028,1441
363728,1442
218373,1443
352773,1444
7043,1445
142318,1446
368173,1447
359598,1448
350673,1449
257853,1450
356868,1451
342938,1452
154113,1453
359423,1454
349763,1455
65318,1456
368628,1457
51983,1458
361628,1459
120758,1460
369153,1461
13203,1462
260198,1463
370728,1464
228103,1465
254948,1466
368733,1467
222818,1468
12923,1469
75118,1470
359703,1471
365758,1472
79458,1473
7078,1474
44948,1475
76588,1476
368803,1477
368033,1478
260338,1479
246653,1480
253268,1481
8583,1482
355608,1483
358583,1484
192718,1485
92338,1486
257573,1487
33573,1488
352283,1489
180958,1490
249348,1491
357043,1492
369993,1493
4103,1494
367053,1495
369328,1496
48308,1497
367648,1498
358723,1499
369923,1500
370413,1501
177353,1502
354663,1503
367893,1504
259113,1505
368208,1506
369223,1507
363028,1508
244343,1509
244168,1510
352423,1511
78968,1512
351058,1513
370063,1514
260583,1515
219143,1516
355398,1517
368453,1518
363448,1519
363868,1520
247493,1521
370798,1522
367158,1523
203043,1524
224393,1525
364393,1526
57654,1527
58809,1528
367054,1529
100074,1530
368279,1531
109769,1532
256769,1533
369189,1534
98674,1535
346159,1536
202344,1537
348854,1538
356869,1539
208679,1540
365759,1541
73124,1542
369294,1543
369224,1544
130209,1545
359599,1546
107949,1547
369819,1548
261074,1549
206404,1550
254914,1551
349764,1552
363729,1553
367789,1554
359459,1555
258344,1556
19574,1557
196499,1558
367719,1559
368734,1560
45684,1561
70814,1562
366844,1563
342134,1564
244169,1565
133359,1566
16564,1567
367544,1568
197514,1569
367159,1570
250259,1571
250819,1572
369329,1573
361524,1574
352809,1575
139064,1576
247494,1577
358024,1578
367894,1579
342799,1580
245114,1581
369014,1582
347349,1583
187574,1584
367089,1585
170739,1586
368244,1587
368874,1588
253269,1589
231184,1590
369889,1591
150474,1592
367929,1593
82399,1594
366214,1595
58984,1596
63184,1597
146729,1598
132799,1599
100599,1600
205774,1601
108614,1602
220439,1603
366389,1604
367824,1605
225304,1606
180259,1607
368034,1608
253129,1609
179559,1610
369154,1611
362084,1612
13064,1613
32769,1614
232969,1615
126779,1616
369119,1617
37879,1618
171859,1619
196534,1620
109909,1621
65319,1622
254214,1623
244694,1624
185404,1625
366564,1626
163354,1627
259324,1628
18349,1629
38719,1630
253619,1631
367019,1632
40784,1633
352914,1634
33889,1635
255964,1636
137419,1637
356309,1638
51389,1639
41484,1640
192824,1641
370134,1642
243889,1643
355434,1644
170144,1645
65564,1646
40119,1647
195974,1648
364009,1649
367754,1650
175954,1651
368804,1652
344024,1653
248404,1654
45369,1655
244204,1656
146484,1657
237869,1658
366984,1659
260969,1660
368139,1661
248054,1662
239444,1663
369924,1664
166959,1665
217079,1666
131924,1667
368559,1668
369049,1669
228314,1670
189709,1671
368629,1672
123699,1673
221559,1674
344409,1675
368979,1676
369434,1677
245429,1678
368909,1679
10999,1680
58424,1681
166119,1682
246374,1683
356239,1684
253339,1685
11384,1686
370414,1687
8934,1688
368174,1689
238534,1690
223344,1691
36444,1692
369854,1693
156879,1694
369574,1695
218199,1696
360054,1697
362749,1698
13589,1699
365444,1700
171370,1701
48730,1702
218865,1703
367720,1704
367020,1705
131890,1706
245745,1707
360265,1708
369575,1709
256560,1710
369785,1711
361525,1712
356660,1713
369295,1714
103155,1715
361910,1716
370800,1717
360125,1718
5190,1719
238850,1720
368000,1721
247110,1722
187995,1723
196815,1724
11910,1725
368945,1726
233565,1727
359600,1728
102385,1729
6065,1730
232620,1731
189885,1732
224605,1733
357500,1734
257995,1735
254040,1736
368910,1737
167695,1738
63185,1739
369120,1740
233110,1741
246620,1742
128705,1743
232165,1744
64760,1745
243855,1746
234090,1747
227370,1748
5960,1749
367125,1750
4070,1751
57655,1752
109490,1753
368035,1754
81525,1755
246690,1756
249175,1757
370135,1758
368735,1759
72950,1760
70395,1761
368245,1762
369505,1763
244800,1764
96225,1765
368665,1766
369820,1767
210220,1768
255965,1769
368875,1770
367405,1771
72670,1772
256595,1773
368840,1774
367230,1775
247635,1776
180435,1777
4770,1778
369330,1779
367825,1780
166400,1781
120410,1782
366985,1783
5785,1784
39945,1785
245115,1786
368630,1787
15305,1788
32245,1789
142740,1790
81420,1791
120515,1792
222820,1793
35115,1794
367790,1795
368140,1796
8305,1797
250505,1798
86880,1799
90555,1800
127375,1801
118765,1802
38265,1803
132450,1804
357185,1805
19505,1806
168220,1807
235035,1808
350255,1809
246655,1810
369995,1811
348330,1812
358095,1813
228665,1814
255125,1815
344200,1816
253165,1817
355750,1818
362050,1819
50200,1820
92480,1821
93845,1822
238535,1823
198950,1824
366845,1825
356030,1826
178125,1827
236575,1828
147080,1829
346125,1830
222610,1831
356310,1832
244135,1833
71515,1834
58425,1835
196115,1836
368070,1837
368980,1838
224745,1839
15060,1840
162865,1841
167800,1842
180260,1843
105675,1844
244765,1845
368175,1846
216485,1847
189710,1848
17335,1849
170635,1850
183900,1851
68785,1852
351130,1853
68365,1854
369890,1855
131260,1856
197515,1857
368560,1858
123070,1859
205320,1860
202380,1861
114495,1862
5820,1863
11140,1864
369015,1865
369855,1866
348155,1867
255265,1868
369050,1869
364745,1870
244030,1871
220160,1872
352460,1873
368805,1874
20170,1875
261670,1876
364815,1877
111520,1878
246550,1879
240495,1880
367546,1881
369121,1882
369786,1883
227721,1884
149461,1885
361526,1886
367791,1887
81596,1888
5856,1889
364536,1890
148271,1891
5891,1892
167801,1893
260096,1894
235701,1895
247496,1896
366146,1897
196081,1898
350676,1899
250016,1900
348331,1901
189816,1902
182046,1903
369576,1904
345181,1905
58426,1906
36691,1907
369051,1908
18036,1909
145156,1910
369296,1911
129406,1912
356661,1913
232551,1914
368981,1915
240496,1916
245116,1917
120201,1918
254636,1919
236611,1920
367021,1921
199931,1922
368246,1923
368911,1924
218691,1925
180261,1926
356906,1927
352076,1928
360126,1929
355961,1930
367406,1931
367896,1932
348786,1933
246376,1934
233181,1935
368736,1936
370801,1937
369821,1938
11456,1939
368631,1940
256911,1941
368036,1942
343256,1943
368561,1944
8341,1945
163706,1946
166891,1947
14221,1948
243576,1949
369016,1950
189711,1951
346651,1952
130211,1953
356871,1954
62766,1955
13591,1956
347666,1957
367056,1958
366986,1959
214036,1960
170636,1961
357501,1962
345706,1963
366216,1964
177461,1965
343431,1966
170741,1967
113901,1968
360091,1969
156706,1970
254216,1971
72741,1972
128706,1973
14151,1974
368806,1975
244696,1976
6066,1977
126046,1978
363766,1979
249771,1980
363731,1981
180331,1982
178161,1983
172036,1984
368701,1985
177671,1986
365691,1987
368666,1988
369996,1989
230801,1990
5296,1991
369226,1992
254006,1993
245326,1994
368596,1995
119641,1996
366251,1997
347771,1998
13136,1999
157196,2000
55556,2001
259606,2002
368176,2003
256491,2004
169481,2005
369331,2006
369681,2007
253131,2008
257681,2009
115791,2010
251031,2011
367126,2012
364081,2013
240321,2014
369961,2015
365761,2016
369891,2017
369541,2018
369191,2019
6171,2020
367931,2021
370136,2022
57656,2023
368001,2024
53001,2025
76591,2026
6556,2027
7151,2028
367826,2029
355716,2030
71411,2031
366111,2032
132451,2033
247636,2034
65881,2035
189466,2036
210536,2037
368842,2038
170707,2039
164617,2040
81422,2041
215577,2042
180332,2043
231117,2044
348752,2045
46037,2046
221772,2047
196117,2048
344517,2049
358447,2050
358412,2051
248547,2052
5367,2053
345217,2054
7467,2055
367057,2056
361912,2057
259047,2058
355577,2059
115652,2060
247462,2061
239622,2062
80407,2063
238467,2064
215332,2065
246657,2066
127027,2067
246902,2068
189817,2069
202137,2070
234897,2071
14607,2072
249247,2073
157197,2074
365412,2075
247392,2076
347387,2077
368877,2078
201542,2079
363417,2080
182187,2081
246167,2082
260867,2083
367862,2084
346302,2085
261322,2086
349767,2087
48137,2088
172247,2089
170742,2090
42257,2091
115932,2092
7152,2093
185792,2094
343222,2095
258452,2096
357467,2097
354842,2098
368947,2099
49712,2100
67387,2101
189712,2102
364747,2103
343397,2104
61437,2105
369577,2106
190657,2107
367127,2108
370137,2109
365447,2110
68787,2111
361492,2112
355997,2113
13067,2114
4737,2115
78552,2116
367022,2117
369122,2118
355962,2119
343257,2120
364467,2121
177252,2122
361632,2123
167277,2124
244942,2125
4877,2126
256667,2127
111487,2128
169482,2129
368737,2130
192862,2131
171617,2132
232552,2133
10302,2134
366392,2135
60667,2136
220897,2137
367512,2138
359602,2139
7502,2140
237627,2141
366987,2142
367792,2143
365272,2144
7817,2145
43517,2146
172037,2147
103052,2148
359812,2149
368002,2150
195977,2151
368807,2152
49117,2153
367547,2154
357502,2155
365027,2156
134937,2157
135882,2158
171337,2159
369927,2160
257017,2161
248897,2162
369682,2163
43587,2164
258627,2165
367932,2166
357082,2167
48767,2168
365307,2169
369892,2170
203397,2171
58322,2172
18527,2173
363837,2174
39142,2175
361527,2176
369332,2177
241547,2178
247147,2179
368037,2180
367827,2181
257472,2182
360407,2183
247602,2184
369052,2185
255757,2186
368212,2187
368667,2188
368982,2189
13137,2190
258522,2191
258837,2192
46527,2193
368562,2194
369227,2195
355647,2196
167802,2197
369542,2198
363732,2199
17897,2200
367897,2201
368632,2202
35782,2203
345077,2204
369017,2205
364082,2206
240988,2207
233323,2208
369228,2209
359323,2210
134308,2211
69348,2212
358413,2213
365028,2214
255968,2215
115863,2216
31933,2217
370838,2218
357503,2219
369333,2220
149078,2221
96718,2222
16463,2223
355578,2224
367513,2225
230593,2226
249318,2227
237943,2228
105538,2229
369928,2230
220828,2231
368598,2232
257473,2233
366113,2234
36693,2235
244033,2236
34278,2237
366393,2238
344658,2239
42608,2240
253308,2241
369578,2242
4808,2243
360233,2244
347563,2245
343468,2246
369053,2247
169273,2248
356033,2249
367023,2250
368633,2251
65918,2252
166123,2253
5368,2254
255478,2255
370138,2256
345078,2257
368948,2258
367408,2259
199933,2260
10303,2261
370733,2262
194403,2263
12473,2264
368038,2265
109528,2266
368738,2267
253588,2268
69383,2269
127588,2270
228563,2271
359603,2272
222123,2273
260868,2274
357608,2275
246658,2276
229298,2277
367828,2278
358273,2279
250963,2280
257893,2281
365623,2282
65673,2283
369508,2284
367968,2285
220758,2286
367688,2287
45548,2288
247673,2289
363453,2290
369683,2291
150268,2292
113973,2293
180263,2294
118348,2295
364853,2296
238468,2297
360093,2298
109913,2299
167103,2300
257928,2301
249563,2302
225938,2303
254043,2304
179528,2305
368668,2306
343538,2307
199513,2308
368563,2309
343783,2310
367898,2311
365063,2312
170778,2313
253343,2314
361773,2315
215753,2316
343853,2317
356873,2318
364083,2319
259153,2320
129688,2321
362053,2322
367093,2323
367128,2324
192688,2325
361528,2326
36063,2327
254708,2328
364398,2329
100078,2330
363943,2331
367548,2332
368878,2333
61718,2334
368843,2335
369298,2336
167908,2337
369788,2338
196783,2339
246623,2340
365448,2341
368808,2342
245433,2343
108793,2344
368913,2345
51253,2346
32563,2347
360198,2348
201648,2349
350293,2350
196608,2351
57658,2352
355963,2353
247253,2354
6068,2355
48418,2356
368003,2357
126223,2358
99378,2359
4423,2360
6173,2361
141938,2362
7783,2363
243893,2364
221458,2365
343573,2366
75543,2367
369018,2368
96228,2369
367933,2370
70258,2371
222438,2372
369893,2373
178794,2374
369894,2375
350154,2376
258909,2377
121744,2378
259084,2379
259539,2380
360479,2381
198954,2382
369789,2383
365449,2384
99729,2385
201019,2386
127484,2387
10829,2388
369264,2389
249564,2390
260799,2391
5159,2392
219989,2393
343504,2394
365974,2395
260239,2396
368634,2397
368844,2398
15274,2399
363489,2400
159964,2401
358414,2402
370839,2403
58814,2404
368984,2405
367689,2406
249879,2407
14889,2408
37779,2409
367899,2410
367374,2411
351344,2412
367969,2413
175644,2414
355964,2415
368879,2416
346199,2417
182049,2418
237874,2419
342629,2420
247604,2421
153804,2422
369684,2423
208509,2424
204064,2425
171864,2426
359604,2427
369929,2428
62349,2429
347564,2430
369719,2431
36694,2432
122934,2433
368809,2434
255269,2435
83839,2436
245154,2437
358589,2438
369194,2439
356979,2440
109984,2441
238259,2442
368669,2443
356874,2444
246939,2445
89124,2446
246904,2447
356174,2448
40089,2449
231119,2450
81424,2451
357469,2452
186459,2453
89509,2454
366464,2455
362264,2456
360304,2457
18914,2458
109844,2459
8239,2460
7819,2461
180194,2462
154714,2463
351099,2464
182259,2465
40649,2466
369054,2467
128569,2468
366429,2469
368004,2470
358554,2471
360409,2472
368494,2473
254219,2474
345079,2475
355544,2476
196294,2477
189854,2478
96719,2479
100079,2480
246519,2481
199584,2482
359464,2483
353724,2484
249319,2485
180264,2486
10304,2487
134939,2488
169484,2489
356139,2490
203679,2491
369124,2492
248444,2493
109774,2494
45444,2495
365764,2496
45339,2497
368949,2498
135044,2499
368039,2500
62174,2501
216874,2502
355894,2503
15764,2504
90279,2505
254709,2506
369019,2507
79499,2508
367024,2509
189259,2510
366394,2511
160769,2512
362474,2513
362684,2514
349874,2515
188629,2516
363454,2517
366884,2518
364434,2519
345394,2520
349384,2521
363244,2522
367514,2523
362964,2524
136269,2525
135009,2526
208824,2527
362649,2528
367829,2529
368564,2530
246659,2531
255759,2532
259014,2533
260029,2534
370139,2535
238784,2536
364714,2537
348614,2538
32494,2539
355649,2540
261079,2541
355579,2542
361529,2543
47334,2544
4704,2545
164585,2546
103545,2547
349035,2548
14785,2549
367830,2550
4775,2551
10620,2552
181210,2553
368845,2554
361845,2555
93010,2556
5755,2557
245155,2558
237245,2559
257265,2560
195105,2561
370070,2562
254500,2563
152860,2564
203575,2565
368600,2566
7610,2567
244105,2568
370140,2569
116705,2570
170640,2571
238785,2572
175995,2573
349875,2574
10340,2575
367690,2576
105540,2577
360235,2578
355580,2579
43520,2580
196540,2581
364435,2582
67635,2583
367515,2584
5965,2585
246170,2586
169100,2587
343225,2588
367130,2589
57660,2590
5860,2591
75965,2592
126645,2593
254815,2594
7085,2595
229300,2596
198500,2597
238925,2598
365765,2599
369230,2600
189120,2601
367165,2602
8275,2603
153700,2604
11250,2605
207985,2606
37290,2607
361775,2608
114465,2609
163710,2610
73200,2611
214740,2612
160770,2613
368985,2614
368565,2615
344170,2616
363280,2617
224365,2618
100920,2619
369895,2620
202105,2621
76875,2622
87760,2623
191920,2624
368810,2625
254045,2626
367795,2627
85730,2628
40090,2629
109425,2630
127205,2631
246590,2632
17235,2633
243510,2634
177640,2635
14960,2636
18495,2637
5440,2638
367970,2639
109775,2640
247780,2641
360340,2642
247605,2643
368670,2644
369510,2645
217050,2646
364015,2647
368775,2648
88670,2649
171620,2650
344100,2651
260870,2652
253345,2653
361810,2654
139525,2655
368005,2656
344520,2657
4075,2658
92345,2659
109635,2660
106660,2661
228530,2662
116915,2663
238050,2664
147120,2665
109845,2666
350680,2667
367550,2668
219920,2669
360130,2670
256810,2671
184220,2672
360060,2673
260520,2674
368880,2675
13560,2676
170780,2677
368740,2678
122620,2679
244035,2680
137495,2681
66620,2682
369825,2683
368950,2684
218380,2685
255235,2686
368040,2687
366325,2688
33685,2689
362405,2690
116495,2691
168400,2692
362895,2693
152685,2694
369790,2695
368180,2696
185305,2697
369685,2698
90245,2699
351555,2700
73130,2701
135080,2702
370000,2703
261815,2704
369195,2705
127065,2706
8240,2707
367900,2708
369020,2709
248900,2710
356525,2711
369965,2712
95915,2713
7295,2714
346655,2715
362510,2716
116740,2717
361600,2718
361915,2719
370420,2720
366885,2721
231855,2722
346340,2723
208335,2724
361950,2725
367025,2726
261606,2727
362091,2728
360061,2729
367901,2730
357576,2731
207916,2732
19021,2733
244526,2734
349491,2735
261081,2736
353831,2737
369791,2738
367166,2739
369161,2740
19791,2741
241901,2742
52306,2743
167386,2744
244071,2745
367236,2746
359536,2747
367131,2748
235146,2749
243441,2750
234516,2751
224646,2752
367796,2753
210891,2754
74426,2755
134731,2756
365311,2757
369826,2758
174841,2759
343821,2760
369021,2761
131056,2762
367516,2763
359606,2764
368741,2765
205536,2766
4811,2767
347286,2768
141836,2769
368986,2770
370071,2771
354986,2772
367411,2773
343506,2774
238786,2775
233361,2776
356771,2777
249041,2778
172321,2779
348161,2780
34876,2781
346656,2782
363491,2783
220376,2784
363456,2785
154226,2786
217016,2787
367866,2788
253346,2789
354181,2790
253206,2791
12651,2792
232626,2793
31516,2794
244106,2795
367026,2796
165111,2797
368566,2798
122866,2799
48036,2800
369966,2801
177256,2802
48351,2803
351311,2804
370141,2805
367831,2806
217716,2807
356141,2808
368951,2809
367971,2810
206236,2811
253801,2812
205186,2813
363841,2814
48176,2815
72676,2816
133296,2817
345676,2818
361811,2819
201056,2820
350016,2821
232276,2822
246451,2823
238821,2824
243896,2825
257196,2826
180266,2827
367691,2828
173441,2829
369896,2830
363281,2831
202911,2832
369511,2833
259226,2834
368811,2835
368776,2836
239311,2837
170641,2838
363981,2839
132596,2840
159721,2841
366466,2842
358346,2843
364821,2844
32356,2845
352536,2846
368181,2847
366501,2848
368041,2849
178691,2850
364016,2851
369196,2852
159966,2853
66376,2854
116006,2855
4146,2856
253521,2857
226851,2858
34141,2859
361776,2860
99801,2861
358416,2862
355546,2863
4951,2864
260871,2865
184221,2866
350436,2867
365031,2868
245156,2869
213411,2870
62351,2871
71451,2872
345326,2873
348651,2874
353271,2875
128571,2876
251771,2877
260486,2878
218626,2879
175401,2880
215581,2881
254501,2882
257931,2883
250966,2884
131861,2885
368846,2886
179321,2887
369686,2888
249566,2889
214811,2890
243476,2891
9151,2892
238436,2893
7051,2894
133716,2895
244036,2896
368671,2897
192866,2898
254921,2899
256041,2900
204696,2901
148346,2902
120452,2903
261327,2904
243897,2905
346657,2906
229372,2907
4567,2908
131512,2909
99907,2910
67952,2911
245157,2912
248902,2913
243512,2914
365417,2915
240012,2916
247187,2917
244142,2918
259857,2919
255832,2920
363632,2921
257267,2922
257442,2923
51327,2924
368147,2925
115167,2926
365732,2927
125947,2928
356037,2929
367202,2930
357962,2931
219782,2932
142677,2933
343962,2934
366467,2935
36382,2936
255482,2937
48037,2938
14437,2939
182052,2940
361462,2941
230457,2942
243267,2943
368987,2944
138827,2945
344137,2946
253627,2947
171412,2948
367132,2949
345012,2950
110757,2951
254047,2952
11987,2953
369582,2954
70157,2955
240642,2956
361847,2957
352957,2958
368042,2959
366572,2960
358592,2961
356667,2962
180197,2963
359607,2964
369197,2965
369687,2966
368182,2967
258387,2968
48177,2969
368847,2970
112682,2971
365767,2972
367412,2973
356877,2974
359537,2975
355687,2976
355197,2977
151392,2978
160282,2979
369827,2980
367902,2981
200917,2982
367167,2983
256952,2984
358627,2985
127592,2986
51117,2987
37817,2988
258177,2989
367692,2990
165182,2991
246627,2992
193112,2993
363842,2994
4147,2995
367972,2996
369897,2997
367867,2998
247677,2999
91787,3000
161122,3001
240117,3002
365592,3003
364612,3004
171447,3005
234902,3006
44922,3007
359642,3008
368952,3009
138022,3010
367097,3011
253312,3012
370142,3013
246662,3014
115552,3015
204417,3016
247747,3017
65642,3018
369127,3019
254817,3020
361532,3021
231472,3022
125667,3023
366642,3024
238227,3025
5862,3026
369967,3027
348652,3028
234762,3029
368567,3030
109777,3031
350437,3032
369792,3033
257232,3034
343647,3035
189087,3036
368742,3037
359747,3038
365067,3039
366222,3040
171272,3041
347672,3042
367797,3043
348162,3044
363247,3045
126647,3046
231857,3047
6247,3048
177257,3049
367517,3050
355547,3051
360167,3052
369162,3053
4112,3054
114327,3055
5897,3056
167737,3057
111247,3058
32042,3059
12442,3060
14892,3061
231858,3062
232733,3063
141838,3064
167178,3065
180828,3066
363248,3067
343473,3068
345223,3069
363038,3070
244248,3071
49158,3072
60148,3073
370038,3074
359363,3075
246628,3076
369898,3077
368778,3078
369163,3079
238333,3080
361708,3081
233923,3082
367098,3083
39603,3084
368743,3085
219783,3086
368183,3087
32183,3088
254328,3089
367798,3090
112333,3091
236373,3092
258528,3093
358873,3094
7088,3095
368043,3096
170888,3097
47898,3098
355688,3099
146808,3100
343123,3101
128608,3102
189403,3103
249638,3104
100678,3105
368148,3106
91088,3107
246663,3108
128783,3109
11568,3110
171413,3111
33688,3112
369513,3113
8033,3114
249078,3115
363283,3116
182858,3117
59343,3118
369968,3119
369128,3120
368988,3121
368953,3122
362023,3123
356878,3124
367833,3125
202913,3126
370423,3127
344523,3128
91018,3129
72048,3130
244003,3131
244108,3132
357718,3133
221638,3134
157413,3135
129448,3136
83388,3137
64103,3138
359748,3139
344943,3140
80658,3141
367903,3142
369828,3143
363983,3144
343963,3145
18498,3146
366993,3147
141383,3148
342948,3149
365033,3150
72678,3151
97563,3152
97073,3153
368603,3154
255203,3155
358558,3156
61933,3157
358628,3158
247258,3159
171448,3160
367973,3161
59063,3162
75023,3163
237283,3164
368498,3165
347848,3166
369023,3167
182893,3168
367413,3169
37923,3170
85313,3171
365768,3172
260873,3173
237633,3174
363843,3175
247783,3176
363423,3177
4953,3178
360063,3179
4918,3180
365418,3181
357473,3182
71873,3183
228323,3184
347253,3185
368638,3186
109428,3187
188493,3188
216458,3189
154963,3190
187233,3191
76633,3192
46043,3193
367518,3194
31588,3195
62913,3196
43068,3197
84193,3198
367693,3199
368883,3200
370178,3201
75408,3202
249253,3203
87588,3204
344138,3205
205433,3206
368673,3207
10763,3208
182823,3209
186183,3210
348653,3211
6108,3212
224368,3213
260488,3214
357648,3215
369688,3216
239418,3217
342318,3218
346658,3219
161753,3220
5899,3221
368044,3222
62319,3223
109779,3224
224369,3225
4044,3226
177469,3227
370074,3228
228709,3229
35124,3230
260489,3231
5759,3232
206449,3233
12129,3234
234064,3235
193429,3236
369829,3237
362584,3238
113069,3239
39219,3240
258074,3241
105334,3242
364859,3243
369654,3244
237214,3245
366364,3246
7299,3247
258634,3248
139249,3249
217999,3250
5934,3251
45869,3252
208514,3253
4884,3254
363844,3255
237809,3256
11989,3257
358559,3258
32639,3259
238334,3260
109219,3261
343544,3262
92769,3263
345819,3264
367904,3265
258529,3266
368604,3267
356144,3268
357649,3269
216984,3270
63754,3271
6039,3272
364474,3273
369129,3274
42719,3275
182684,3276
254329,3277
39604,3278
368954,3279
5794,3280
244249,3281
367974,3282
112019,3283
368639,3284
368744,3285
369164,3286
13879,3287
369724,3288
367169,3289
345644,3290
180199,3291
346659,3292
248554,3293
181774,3294
367134,3295
119649,3296
109639,3297
121714,3298
178764,3299
250864,3300
249569,3301
366469,3302
364369,3303
369969,3304
347044,3305
36489,3306
368149,3307
357474,3308
365314,3309
192624,3310
348164,3311
359644,3312
218769,3313
174494,3314
248589,3315
91824,3316
260104,3317
342179,3318
254924,3319
20144,3320
363494,3321
368674,3322
350579,3323
355584,3324
8909,3325
202424,3326
205154,3327
369269,3328
223319,3329
366994,3330
367799,3331
154684,3332
230004,3333
359714,3334
60009,3335
367379,3336
8069,3337
342949,3338
260874,3339
238754,3340
183559,3341
244564,3342
359609,3343
369514,3344
363949,3345
109534,3346
137604,3347
219784,3348
196859,3349
258879,3350
224649,3351
255204,3352
361814,3353
360484,3354
367414,3355
233924,3356
66624,3357
368184,3358
136589,3359
361534,3360
360344,3361
226504,3362
221184,3363
244949,3364
170644,3365
230249,3366
247994,3367
360239,3368
18569,3369
244004,3370
221429,3371
167109,3372
369899,3373
165429,3374
227729,3375
164064,3376
357509,3377
132459,3378
99349,3379
259264,3380
78699,3381
211489,3382
257899,3383
367834,3384
367204,3385
239629,3386
79924,3387
96689,3388
367869,3389
368220,3390
151185,3391
183735,3392
244355,3393
174810,3394
367380,3395
246315,3396
355690,3397
359645,3398
173970,3399
214920,3400
360485,3401
369270,3402
363425,3403
367975,3404
222095,3405
39675,3406
343125,3407
11955,3408
358385,3409
7090,3410
369655,3411
249115,3412
172185,3413
4080,3414
367800,3415
249640,3416
239210,3417
45520,3418
356915,3419
344385,3420
217825,3421
176595,3422
344805,3423
255485,3424
161090,3425
210965,3426
357510,3427
347535,3428
243935,3429
362585,3430
361815,3431
370460,3432
8245,3433
363320,3434
255170,3435
364755,3436
369130,3437
249045,3438
259650,3439
75550,3440
369690,3441
369025,3442
356950,3443
35790,3444
103830,3445
171450,3446
245125,3447
368150,3448
246595,3449
346660,3450
367170,3451
343545,3452
7895,3453
180970,3454
241660,3455
370075,3456
62355,3457
259265,3458
367485,3459
369865,3460
368780,3461
225910,3462
348620,3463
237810,3464
369515,3465
260875,3466
11640,3467
355410,3468
104285,3469
342950,3470
366190,3471
369795,3472
356145,3473
361535,3474
82760,3475
128715,3476
366575,3477
247960,3478
157100,3479
245265,3480
181600,3481
193430,3482
236620,3483
357720,3484
359610,3485
343020,3486
247890,3487
134280,3488
175790,3489
357930,3490
344595,3491
360590,3492
35545,3493
345400,3494
364370,3495
40620,3496
364720,3497
5830,3498
358455,3499
368955,3500
4955,3501
233925,3502
367905,3503
347850,3504
246805,3505
253840,3506
205085,3507
258635,3508
13285,3509
200955,3510
138305,3511
224965,3512
368605,3513
254820,3514
232945,3515
256955,3516
204560,3517
368465,3518
138165,3519
215760,3520
363530,3521
101765,3522
366225,3523
7300,3524
368640,3525
257935,3526
44085,3527
367870,3528
359330,3529
369200,3530
14825,3531
34250,3532
103690,3533
364440,3534
222795,3535
244600,3536
348725,3537
347430,3538
189160,3539
146880,3540
359435,3541
32045,3542
186430,3543
156715,3544
362550,3545
46150,3546
59590,3547
363845,3548
225035,3549
364825,3550
40760,3551
367205,3552
367135,3553
368990,3554
369830,3555
196090,3556
230460,3557
367520,3558
240225,3559
244635,3560
52275,3561
5760,3562
256745,3563
118985,3564
166446,3565
355691,3566
355096,3567
125951,3568
62356,3569
228326,3570
11921,3571
260561,3572
247646,3573
358421,3574
16611,3575
64806,3576
368886,3577
178031,3578
234661,3579
6181,3580
254226,3581
369516,3582
9226,3583
238511,3584
247716,3585
227626,3586
357196,3587
91126,3588
229376,3589
202776,3590
364021,3591
349811,3592
356951,3593
349461,3594
118811,3595
250481,3596
367941,3597
358036,3598
8981,3599
224826,3600
367731,3601
357476,3602
231896,3603
344981,3604
370076,3605
191086,3606
116606,3607
261051,3608
357336,3609
89656,3610
363286,3611
254821,3612
112756,3613
6216,3614
121331,3615
368221,3616
368816,3617
369551,3618
234906,3619
357511,3620
47026,3621
72681,3622
368676,3623
77651,3624
236621,3625
32081,3626
359786,3627
359611,3628
367136,3629
361536,3630
199521,3631
176526,3632
367171,3633
216706,3634
97846,3635
56406,3636
363391,3637
91826,3638
369866,3639
4711,3640
362621,3641
368956,3642
367801,3643
171101,3644
8246,3645
362411,3646
145446,3647
369586,3648
34181,3649
166061,3650
348726,3651
350581,3652
244951,3653
44541,3654
365421,3655
245616,3656
169176,3657
193431,3658
3976,3659
154056,3660
347991,3661
368466,3662
183421,3663
256781,3664
362551,3665
211841,3666
366996,3667
182756,3668
369901,3669
259266,3670
367696,3671
100716,3672
244916,3673
363846,3674
369656,3675
215621,3676
249361,3677
357266,3678
369026,3679
196126,3680
184926,3681
48706,3682
172676,3683
217476,3684
365771,3685
367381,3686
370426,3687
367976,3688
237811,3689
192066,3690
368711,3691
362376,3692
246876,3693
356146,3694
342951,3695
368991,3696
171451,3697
344246,3698
118461,3699
6111,3700
175931,3701
368851,3702
170051,3703
367031,3704
234556,3705
368116,3706
58296,3707
192836,3708
175966,3709
245126,3710
180971,3711
10136,3712
343966,3713
345646,3714
192521,3715
196616,3716
359716,3717
368781,3718
369796,3719
369131,3720
102221,3721
48321,3722
81501,3723
367871,3724
154686,3725
359296,3726
134981,3727
367521,3728
49651,3729
356776,3730
96726,3731
347151,3732
240576,3733
370461,3734
86366,3735
228291,3736
344597,3737
211282,3738
368047,3739
186187,3740
248592,3741
366122,3742
367382,3743
97392,3744
254192,3745
367347,3746
367102,3747
368152,3748
208062,3749
212962,3750
368957,3751
41357,3752
234487,3753
368257,3754
367032,3755
369832,3756
356882,3757
366997,3758
244952,3759
247227,3760
359682,3761
169702,3762
351562,3763
13987,3764
364022,3765
169422,3766
355692,3767
367977,3768
49162,3769
352822,3770
367802,3771
182687,3772
353032,3773
18327,3774
362972,3775
225597,3776
5832,3777
128717,3778
48217,3779
224092,3780
357757,3781
368642,3782
253597,3783
370427,3784
241452,3785
229657,3786
355587,3787
36562,3788
249222,3789
113562,3790
153392,3791
46117,3792
369307,3793
201867,3794
253317,3795
51962,3796
368117,3797
369587,3798
15772,3799
181847,3800
368887,3801
141912,3802
221537,3803
151922,3804
247822,3805
368467,3806
369517,3807
357477,3808
42617,3809
199627,3810
189442,3811
246842,3812
261507,3813
245127,3814
359367,3815
366577,3816
250307,3817
368852,3818
364442,3819
355727,3820
369797,3821
369342,3822
367732,3823
248487,3824
205157,3825
368012,3826
244007,3827
246492,3828
358737,3829
175722,3830
363847,3831
94172,3832
369622,3833
255487,3834
368782,3835
76182,3836
125672,3837
193327,3838
214992,3839
106282,3840
110202,3841
153952,3842
358632,3843
362552,3844
354292,3845
42722,3846
128752,3847
351142,3848
367872,3849
81852,3850
249047,3851
369167,3852
368992,3853
217547,3854
347817,3855
345192,3856
369657,3857
369552,3858
358422,3859
256922,3860
78072,3861
348622,3862
41777,3863
5762,3864
367907,3865
367207,3866
364687,3867
369867,3868
147407,3869
171452,3870
35162,3871
258917,3872
63057,3873
343967,3874
14617,3875
172047,3876
365387,3877
367697,3878
193957,3879
241662,3880
244357,3881
90847,3882
370462,3883
4467,3884
44892,3885
247752,3886
237812,3887
175232,3888
353067,3889
369027,3890
123607,3891
365772,3892
56477,3893
113632,3894
228712,3895
370077,3896
193432,3897
5902,3898
102222,3899
344667,3900
363392,3901
228257,3902
360522,3903
368677,3904
350687,3905
235012,3906
110063,3907
226018,3908
113633,3909
259478,3910
77408,3911
255383,3912
238058,3913
367978,3914
369973,3915
360663,3916
370428,3917
370078,3918
365808,3919
367698,3920
244008,3921
124133,3922
365773,3923
244953,3924
257588,3925
191088,3926
357653,3927
6218,3928
356883,3929
246843,3930
369133,3931
368048,3932
356918,3933
210338,3934
241348,3935
358388,3936
369098,3937
360453,3938
188708,3939
137048,3940
157313,3941
4363,3942
245128,3943
162388,3944
78073,3945
171453,3946
173238,3947
212823,3948
65263,3949
368993,3950
366123,3951
368258,3952
350128,3953
368748,3954
239388,3955
122523,3956
363533,3957
367383,3958
51473,3959
12378,3960
149543,3961
12343,3962
218213,3963
368958,3964
241873,3965
237253,3966
244918,3967
237988,3968
226613,3969
202008,3970
246738,3971
346523,3972
142018,3973
367873,3974
81993,3975
342813,3976
368013,3977
368153,3978
49093,3979
368643,3980
356148,3981
92353,3982
351388,3983
177788,3984
368468,3985
127528,3986
197738,3987
48778,3988
11713,3989
7758,3990
220418,3991
184683,3992
368223,3993
347398,3994
257938,3995
354083,3996
254228,3997
350198,3998
259828,3999
359263,4000
37508,4001
246878,4002
369798,4003
210618,4004
370813,4005
193433,4006
368783,4007
368188,4008
148108,4009
369623,4010
8283,4011
368853,4012
368678,4013
136698,4014
369868,4015
136663,4016
231898,4017
256433,4018
368713,4019
234208,4020
354818,4021
366648,4022
87313,4023
342918,4024
70338,4025
368888,4026
356778,4027
109713,4028
174043,4029
51193,4030
169248,4031
369658,4032
369518,4033
359298,4034
363848,4035
254018,4036
348098,4037
356393,4038
369273,4039
80593,4040
123608,4041
366228,4042
189058,4043
369028,4044
14268,4045
368608,4046
18853,4047
367418,4048
348623,4049
369168,4050
238548,4051
243413,4052
178138,4053
345123,4054
343513,4055
15073,4056
5798,4057
244113,4058
144538,4059
234978,4060
355693,4061
41008,4062
11329,4063
369274,4064
347434,4065
100194,4066
348344,4067
362904,4068
362554,4069
367454,4070
39784,4071
369589,4072
4714,4073
350584,4074
370884,4075
61869,4076
15319,4077
356394,4078
232599,4079
238444,4080
215974,4081
357479,4082
344529,4083
368784,4084
14339,4085
161934,4086
34184,4087
368959,4088
369624,4089
355694,4090
20149,4091
254369,4092
4749,4093
217549,4094
369029,4095
255489,4096
52279,4097
179049,4098
220734,4099
369099,4100
356079,4101
249574,4102
368469,4103
197319,4104
175794,4105
58789,4106
5834,4107
255384,4108
73139,4109
355134,4110
363639,4111
76289,4112
368609,4113
368644,4114
357199,4115
351459,4116
200819,4117
367384,4118
19029,4119
343654,4120
41779,4121
365039,4122
366649,4123
354924,4124
135054,4125
183074,4126
40099,4127
368679,4128
222414,4129
240509,4130
234979,4131
367909,4132
242084,4133
368189,4134
41079,4135
244604,4136
368854,4137
12204,4138
169424,4139
345194,4140
343969,4141
130399,4142
367804,4143
6009,4144
369869,4145
170789,4146
156859,4147
229799,4148
365774,4149
261509,4150
103834,4151
131379,4152
255209,4153
365809,4154
244009,4155
365564,4156
5799,4157
6254,4158
356884,4159
36529,4160
94419,4161
171454,4162
50249,4163
365494,4164
365739,4165
221924,4166
237044,4167
369799,4168
215519,4169
249714,4170
363429,4171
246319,4172
13639,4173
237114,4174
228329,4175
351144,4176
88014,4177
238619,4178
241244,4179
59944,4180
367489,4181
40029,4182
346804,4183
80664,4184
44579,4185
260004,4186
256364,4187
178349,4188
112654,4189
7514,4190
128754,4191
364444,4192
93404,4193
222309,4194
363849,4195
367874,4196
220559,4197
361679,4198
231164,4199
250519,4200
160009,4201
261649,4202
342324,4203
365284,4204
204074,4205
349884,4206
368889,4207
256259,4208
109084,4209
345684,4210
370149,4211
369659,4212
14444,4213
350270,4214
133725,4215
356885,4216
188675,4217
44545,4218
165925,4219
359615,4220
145905,4221
348345,4222
363815,4223
8530,4224
183075,4225
166800,4226
369870,4227
157350,4228
231900,4229
366580,4230
351110,4231
51475,4232
170790,4233
187275,4234
237290,4235
368995,4236
258185,4237
342465,4238
369275,4239
368540,4240
7900,4241
365775,4242
368855,4243
368960,4244
5800,4245
163195,4246
368680,4247
91165,4248
133305,4249
358355,4250
238480,4251
367875,4252
9370,4253
34430,4254
6115,4255
183635,4256
210585,4257
245130,4258
362800,4259
176635,4260
61310,4261
369625,4262
369800,4263
171840,4264
359370,4265
171455,4266
260075,4267
367350,4268
369555,4269
367945,4270
360490,4271
154165,4272
221645,4273
367910,4274
5380,4275
360770,4276
41115,4277
367735,4278
222905,4279
45420,4280
369100,4281
237815,4282
224025,4283
368610,4284
249155,4285
348450,4286
109960,4287
168480,4288
189480,4289
218180,4290
357655,4291
255175,4292
250555,4293
369835,4294
253075,4295
367000,4296
364725,4297
249295,4298
157770,4299
78425,4300
369170,4301
195360,4302
255980,4303
84305,4304
116540,4305
363430,4306
353175,4307
233580,4308
36950,4309
253215,4310
239915,4311
357550,4312
34115,4313
368925,4314
368470,4315
366895,4316
97080,4317
253810,4318
8005,4319
240440,4320
42725,4321
226020,4322
249540,4323
151925,4324
255210,4325
5975,4326
193295,4327
347155,4328
364410,4329
359335,4330
240475,4331
76430,4332
362380,4333
368785,4334
163965,4335
364760,4336
5835,4337
95190,4338
58510,4339
355625,4340
362030,4341
346245,4342
367980,4343
369030,4344
238060,4345
197565,4346
369590,4347
350585,4348
355590,4349
368120,4350
193050,4351
183670,4352
246425,4353
367385,4354
56445,4355
204005,4356
361505,4357
130015,4358
366650,4359
352545,4360
365040,4361
166835,4362
368190,4363
360316,4364
102436,4365
5766,4366
254826,4367
255701,4368
237816,4369
367981,4370
183636,4371
244011,4372
7726,4373
8566,4374
343971,4375
253391,4376
79546,4377
361611,4378
355206,4379
133376,4380
355591,4381
344881,4382
368191,4383
244116,4384
349641,4385
354296,4386
368611,4387
153396,4388
348346,4389
220351,4390
124976,4391
197566,4392
179086,4393
36426,4394
367806,4395
170791,4396
258711,4397
347821,4398
244431,4399
365741,4400
369066,4401
8111,4402
369556,4403
241246,4404
368541,4405
244536,4406
134916,4407
370711,4408
33906,4409
8006,4410
151681,4411
359616,4412
255666,4413
221541,4414
180136,4415
369171,4416
363851,4417
6186,4418
346876,4419
129456,4420
155391,4421
360141,4422
123961,4423
258921,4424
345231,4425
220806,4426
72721,4427
113496,4428
369591,4429
106461,4430
45561,4431
360176,4432
360386,4433
20116,4434
361821,4435
171841,4436
236766,4437
250206,4438
365566,4439
367841,4440
356991,4441
249576,4442
90291,4443
209081,4444
367736,4445
368681,4446
250906,4447
366266,4448
366651,4449
114406,4450
369346,4451
202711,4452
365041,4453
101876,4454
368051,4455
83291,4456
369276,4457
368996,4458
346246,4459
360106,4460
348206,4461
363676,4462
356151,4463
41396,4464
76431,4465
368786,4466
178841,4467
245131,4468
367876,4469
368821,4470
367386,4471
49236,4472
7481,4473
195991,4474
366581,4475
5871,4476
358881,4477
364516,4478
7586,4479
167606,4480
357481,4481
200366,4482
367911,4483
370116,4484
259971,4485
42726,4486
68171,4487
349186,4488
218181,4489
255211,4490
362976,4491
255071,4492
367946,4493
248596,4494
123646,4495
246111,4496
368471,4497
369626,4498
14026,4499
363816,4500
367526,4501
365601,4502
78601,4503
16056,4504
347436,4505
6116,4506
348416,4507
367351,4508
359336,4509
78426,4510
254651,4511
249541,4512
7761,4513
359091,4514
366826,4515
131381,4516
48711,4517
228611,4518
362591,4519
238271,4520
360036,4521
35901,4522
367001,4523
369801,4524
248142,4525
258922,4526
148532,4527
208522,4528
361542,4529
31807,4530
246182,4531
196727,4532
366022,4533
207087,4534
240442,4535
218602,4536
344567,4537
204427,4538
59457,4539
367492,4540
244817,4541
189587,4542
359092,4543
352652,4544
203657,4545
254407,4546
217797,4547
51967,4548
368472,4549
205547,4550
177197,4551
246847,4552
256612,4553
138242,4554
351357,4555
356817,4556
187872,4557
249542,4558
363677,4559
249752,4560
143282,4561
51022,4562
243627,4563
363817,4564
112027,4565
258887,4566
361437,4567
157282,4568
367807,4569
370082,4570
349187,4571
359617,4572
366477,4573
176847,4574
367002,4575
44057,4576
367037,4577
368647,4578
368682,4579
39787,4580
236837,4581
173242,4582
7132,4583
360107,4584
127602,4585
365742,4586
255667,4587
6257,4588
257067,4589
5207,4590
6187,4591
187242,4592
192002,4593
349887,4594
367947,4595
5837,4596
112937,4597
19032,4598
256962,4599
246322,4600
369837,4601
178667,4602
171457,4603
368192,4604
363852,4605
257977,4606
90782,4607
213282,4608
60157,4609
224902,4610
123577,4611
368612,4612
250207,4613
145417,4614
370712,4615
249577,4616
346247,4617
367877,4618
220562,4619
125747,4620
367842,4621
357692,4622
368997,4623
356152,4624
225952,4625
34152,4626
92147,4627
246637,4628
257277,4629
62047,4630
238377,4631
368822,4632
183497,4633
245132,4634
369522,4635
4577,4636
6537,4637
57567,4638
48292,4639
360457,4640
59632,4641
207332,4642
368787,4643
368052,4644
343622,4645
223222,4646
353387,4647
209817,4648
364027,4649
95332,4650
117837,4651
359757,4652
343972,4653
222102,4654
142057,4655
244957,4656
369627,4657
370117,4658
170652,4659
366267,4660
360282,4661
120497,4662
253042,4663
349502,4664
360037,4665
138137,4666
367387,4667
369347,4668
72617,4669
367982,4670
221367,4671
248002,4672
346352,4673
365777,4674
261512,4675
368122,4676
255212,4677
105972,4678
239322,4679
369102,4680
8532,4681
349467,4682
35762,4683
253812,4684
367737,4685
362487,4686
357902,4687
362592,4688
216817,4689
76782,4690
259622,4691
369977,4692
362417,4693
136352,4694
177547,4695
370467,4696
84237,4697
369137,4698
369802,4699
345652,4700
110908,4701
4018,4702
4718,4703
344113,4704
370468,4705
200088,4706
364728,4707
245693,4708
183673,4709
355628,4710
184863,4711
363818,4712
244958,4713
6083,4714
355733,4715
369628,4716
256683,4717
247443,4718
358918,4719
359618,4720
130123,4721
370118,4722
370153,4723
134673,4724
368018,4725
344498,4726
256543,4727
261513,4728
351533,4729
64778,4730
196623,4731
181468,4732
368263,4733
174923,4734
361788,4735
44093,4736
365568,4737
34188,4738
255493,4739
342433,4740
53368,4741
258328,4742
256928,4743
198513,4744
49273,4745
367948,4746
131628,4747
254373,4748
256403,4749
236838,4750
367633,4751
234983,4752
187873,4753
350623,4754
367073,4755
11193,4756
367038,4757
153958,4758
359268,4759
368858,4760
196133,4761
5943,4762
364063,4763
222103,4764
248458,4765
359583,4766
48748,4767
353703,4768
360773,4769
367878,4770
366653,4771
367808,4772
197743,4773
368823,4774
370083,4775
32963,4776
249578,4777
364028,4778
188573,4779
86408,4780
5348,4781
160713,4782
362103,4783
128968,4784
101388,4785
234528,4786
215418,4787
88018,4788
369068,4789
364588,4790
367528,4791
346983,4792
52563,4793
366478,4794
367388,4795
157283,4796
144928,4797
362593,4798
241738,4799
215558,4800
218358,4801
234458,4802
368543,4803
367738,4804
48083,4805
230713,4806
17878,4807
351358,4808
253428,4809
123543,4810
45073,4811
231658,4812
194453,4813
231203,4814
369978,4815
238728,4816
342818,4817
7133,4818
362838,4819
218288,4820
220843,4821
176603,4822
348943,4823
5173,4824
367003,4825
215593,4826
243768,4827
246498,4828
197043,4829
360003,4830
46753,4831
342888,4832
260883,4833
8393,4834
206563,4835
12943,4836
358008,4837
368053,4838
368998,4839
368613,4840
369873,4841
367213,4842
259623,4843
369803,4844
177128,4845
60473,4846
216818,4847
110278,4848
342188,4849
191198,4850
368578,4851
90853,4852
365708,4853
366093,4854
197638,4855
237888,4856
4368,4857
190638,4858
47523,4859
80948,4860
258853,4861
108633,4862
234563,4863
41398,4864
368788,4865
57568,4866
122948,4867
366023,4868
361438,4869
175168,4870
223713,4871
367913,4872
10143,4873
355698,4874
365638,4875
368473,4876
356503,4877
237293,4878
369208,4879
245098,4880
365778,4881
254408,4882
112938,4883
369593,4884
349504,4885
358674,4886
364414,4887
370469,4888
231134,4889
343099,4890
246324,4891
230504,4892
259834,4893
170654,4894
368614,4895
342259,4896
10564,4897
254164,4898
128724,4899
365569,4900
363819,4901
367704,4902
244539,4903
10774,4904
11509,4905
160049,4906
7904,4907
356924,4908
5804,4909
368159,4910
357694,4911
365254,4912
368019,4913
244959,4914
109509,4915
259344,4916
170794,4917
88019,4918
5839,4919
364344,4920
367284,4921
186229,4922
366094,4923
237819,4924
369839,4925
361754,4926
363014,4927
117594,4928
231904,4929
355419,4930
179579,4931
368824,4932
366619,4933
370084,4934
367634,4935
368859,4936
347964,4937
370119,4938
369209,4939
49834,4940
39579,4941
169674,4942
50464,4943
357484,4944
349959,4945
224904,4946
41889,4947
245134,4948
365779,4949
363644,4950
207964,4951
4754,4952
254654,4953
153504,4954
177269,4955
6154,4956
226899,4957
238099,4958
13504,4959
8569,4960
343974,4961
254794,4962
368894,4963
195994,4964
360389,4965
92604,4966
15569,4967
7134,4968
368264,4969
47244,4970
215909,4971
255494,4972
259204,4973
10144,4974
253044,4975
368579,4976
15289,4977
169429,4978
244994,4979
149724,4980
369629,4981
253324,4982
344534,4983
367459,4984
229279,4985
369279,4986
227774,4987
356154,4988
189169,4989
142024,4990
8254,4991
220109,4992
195224,4993
216924,4994
136564,4995
260604,4996
235089,4997
244119,4998
369069,4999
368194,5000
369874,5001
253219,5002
162394,5003
367739,5004
367494,5005
367004,5006
6259,5007
4334,5008
233024,5009
366829,5010
7589,5011
205829,5012
118224,5013
102089,5014
365604,5015
367809,5016
260884,5017
368929,5018
368789,5019
367529,5020
363539,5021
370154,5022
359444,5023
88054,5024
222804,5025
261514,5026
352969,5027
209469,5028
241879,5029
4789,5030
245694,5031
157949,5032
365744,5033
189414,5034
57884,5035
240094,5036
367914,5037
92849,5038
238729,5039
35624,5040
66739,5041
218779,5042
364029,5043
369594,5044
363820,5045
9690,5046
364730,5047
228300,5048
362035,5049
365115,5050
366165,5051
369140,5052
123580,5053
353390,5054
356855,5055
355770,5056
366025,5057
11440,5058
238520,5059
219795,5060
370155,5061
368440,5062
343975,5063
369560,5064
122250,5065
81370,5066
345725,5067
368650,5068
368720,5069
364415,5070
246325,5071
365255,5072
169290,5073
246500,5074
201035,5075
178040,5076
238730,5077
192005,5078
256720,5079
181610,5080
357975,5081
6015,5082
244995,5083
347090,5084
214090,5085
4405,5086
257700,5087
368475,5088
366480,5089
368160,5090
212200,5091
367425,5092
212130,5093
71500,5094
161310,5095
234565,5096
16340,5097
233270,5098
64745,5099
367460,5100
368930,5101
349050,5102
185740,5103
356470,5104
17355,5105
362105,5106
369595,5107
12000,5108
347895,5109
46755,5110
4720,5111
369315,5112
260605,5113
365570,5114
240340,5115
347825,5116
367985,5117
367915,5118
259940,5119
60685,5120
251120,5121
69855,5122
61910,5123
31810,5124
5980,5125
254655,5126
368510,5127
160260,5128
70380,5129
240515,5130
221090,5131
360670,5132
346950,5133
65095,5134
367810,5135
257035,5136
214055,5137
369840,5138
367880,5139
359620,5140
358080,5141
369525,5142
79445,5143
367740,5144
7555,5145
365780,5146
181470,5147
358500,5148
246640,5149
247445,5150
360355,5151
369105,5152
232570,5153
5945,5154
222910,5155
249580,5156
349505,5157
356155,5158
343590,5159
363400,5160
143285,5161
243700,5162
368615,5163
202855,5164
357940,5165
358570,5166
244155,5167
170935,5168
253325,5169
255040,5170
4825,5171
163235,5172
357485,5173
357660,5174
234985,5175
364450,5176
364030,5177
359585,5178
368020,5179
248075,5180
369980,5181
365220,5182
191095,5183
369630,5184
342925,5185
368790,5186
170235,5187
369245,5188
224870,5189
254725,5190
368825,5191
356890,5192
369280,5193
357695,5194
195190,5195
344185,5196
233130,5197
253045,5198
368685,5199
219165,5200
358710,5201
94005,5202
195645,5203
4335,5204
138525,5205
370120,5206
11335,5207
88020,5208
368090,5209
255495,5210
188715,5211
44445,5212
241635,5213
368860,5214
369070,5215
176850,5216
167785,5217
179615,5218
204115,5219
241110,5220
370715,5221
16060,5222
353705,5223
78010,5224
14450,5225
367005,5226
205550,5227
18686,5228
8816,5229
369106,5230
367811,5231
183711,5232
364556,5233
8431,5234
359761,5235
238731,5236
163236,5237
192181,5238
345831,5239
205551,5240
358711,5241
63206,5242
19351,5243
367986,5244
347756,5245
238276,5246
356016,5247
370716,5248
367426,5249
360391,5250
347196,5251
368126,5252
216051,5253
102441,5254
368861,5255
171461,5256
368161,5257
362036,5258
246046,5259
370156,5260
345306,5261
239641,5262
364276,5263
4406,5264
368651,5265
158266,5266
357661,5267
244016,5268
14346,5269
347476,5270
228896,5271
347266,5272
13051,5273
171426,5274
256231,5275
215596,5276
367881,5277
368441,5278
368826,5279
366656,5280
80671,5281
368021,5282
368616,5283
346916,5284
229666,5285
103456,5286
246781,5287
369526,5288
363016,5289
7556,5290
189941,5291
70311,5292
118051,5293
367041,5294
195121,5295
369316,5296
11441,5297
356926,5298
369841,5299
370821,5300
364486,5301
249161,5302
363646,5303
257526,5304
15431,5305
96876,5306
193966,5307
255496,5308
251156,5309
353041,5310
12141,5311
164426,5312
49031,5313
52741,5314
345376,5315
7766,5316
369981,5317
10461,5318
358081,5319
228301,5320
61421,5321
363856,5322
31811,5323
356156,5324
367741,5325
157426,5326
217031,5327
244996,5328
368056,5329
365606,5330
366411,5331
366166,5332
256091,5333
368896,5334
369141,5335
167611,5336
59601,5337
368686,5338
368091,5339
369806,5340
355631,5341
364451,5342
368196,5343
367006,5344
88896,5345
344186,5346
346111,5347
208526,5348
220706,5349
244786,5350
356716,5351
250561,5352
5876,5353
365571,5354
48506,5355
343801,5356
93376,5357
169151,5358
246641,5359
94426,5360
369631,5361
369071,5362
4616,5363
357486,5364
254656,5365
369876,5366
134676,5367
61351,5368
34926,5369
260641,5370
66741,5371
165651,5372
115286,5373
362106,5374
367916,5375
249861,5376
79551,5377
366481,5378
248881,5379
64081,5380
367461,5381
153261,5382
261481,5383
103701,5384
129951,5385
238766,5386
227776,5387
233796,5388
169291,5389
183326,5390
359586,5391
154416,5392
3986,5393
14696,5394
246642,5395
344187,5396
368092,5397
368967,5398
357242,5399
240552,5400
244822,5401
166737,5402
364382,5403
149167,5404
358502,5405
83052,5406
368897,5407
5457,5408
363857,5409
368057,5410
356437,5411
11967,5412
205517,5413
251157,5414
79447,5415
367637,5416
68247,5417
218957,5418
218607,5419
41472,5420
18267,5421
99187,5422
236877,5423
221617,5424
368722,5425
232957,5426
370717,5427
369562,5428
183677,5429
7977,5430
234497,5431
77802,5432
139717,5433
249267,5434
254937,5435
44097,5436
343242,5437
258507,5438
367462,5439
181752,5440
169537,5441
365782,5442
368652,5443
224137,5444
360077,5445
75807,5446
5842,5447
158127,5448
245592,5449
47912,5450
364557,5451
134712,5452
191797,5453
48157,5454
85747,5455
5352,5456
163237,5457
130652,5458
46617,5459
365957,5460
232362,5461
368582,5462
369877,5463
254307,5464
203312,5465
250457,5466
72622,5467
368792,5468
130827,5469
122112,5470
181612,5471
370367,5472
358747,5473
367007,5474
364242,5475
367812,5476
65902,5477
228897,5478
357557,5479
7137,5480
245102,5481
244157,5482
65272,5483
19982,5484
255707,5485
57677,5486
166177,5487
244927,5488
117877,5489
123162,5490
209647,5491
158267,5492
367252,5493
255497,5494
244297,5495
192777,5496
135027,5497
367742,5498
171462,5499
173597,5500
369667,5501
227847,5502
197047,5503
355632,5504
240167,5505
356927,5506
367042,5507
50152,5508
369317,5509
100307,5510
370857,5511
369842,5512
368687,5513
205377,5514
361827,5515
181647,5516
6017,5517
258542,5518
369107,5519
197012,5520
8327,5521
65307,5522
124247,5523
188717,5524
244017,5525
343102,5526
219482,5527
238732,5528
369072,5529
358712,5530
95967,5531
95477,5532
64852,5533
354897,5534
231907,5535
369142,5536
166387,5537
246537,5538
259312,5539
14417,5540
8362,5541
368617,5542
184342,5543
368862,5544
359727,5545
226062,5546
249862,5547
370157,5548
368022,5549
370227,5550
198937,5551
260887,5552
364487,5553
188892,5554
357522,5555
261587,5556
348667,5557
364417,5558
369282,5559
360357,5560
123582,5561
356157,5562
215107,5563
355702,5564
5772,5565
358887,5566
257912,5567
369632,5568
5982,5569
362247,5570
368827,5571
351467,5572
246152,5573
14802,5574
369807,5575
368757,5576
188017,5577
369527,5578
368477,5579
8292,5580
369563,5581
12003,5582
368968,5583
193338,5584
365783,5585
368758,5586
367043,5587
342683,5588
18723,5589
31883,5590
368233,5591
355633,5592
364383,5593
18128,5594
258823,5595
244158,5596
367463,5597
60723,5598
369248,5599
52428,5600
224803,5601
249233,5602
260643,5603
165653,5604
166178,5605
221443,5606
253153,5607
368863,5608
243388,5609
190608,5610
356438,5611
369108,5612
369668,5613
234883,5614
366098,5615
36818,5616
344188,5617
80743,5618
9658,5619
90438,5620
238733,5621
366903,5622
349438,5623
366553,5624
364418,5625
369808,5626
141888,5627
370823,5628
367918,5629
17253,5630
343943,5631
215773,5632
48053,5633
59218,5634
110213,5635
171428,5636
368093,5637
194528,5638
344678,5639
232328,5640
177098,5641
4583,5642
59463,5643
255498,5644
181018,5645
242093,5646
349578,5647
60863,5648
369598,5649
158653,5650
218188,5651
5178,5652
67653,5653
226063,5654
83578,5655
14908,5656
363508,5657
367078,5658
256443,5659
170728,5660
11968,5661
5983,5662
166388,5663
171463,5664
366343,5665
357978,5666
356858,5667
345308,5668
362773,5669
367813,5670
365503,5671
237613,5672
245313,5673
365258,5674
370368,5675
141783,5676
256933,5677
36468,5678
368583,5679
244998,5680
356788,5681
366238,5682
57853,5683
347723,5684
63173,5685
231838,5686
358398,5687
357488,5688
245173,5689
195228,5690
254658,5691
237578,5692
349823,5693
40563,5694
256583,5695
367743,5696
361898,5697
72448,5698
235373,5699
88128,5700
246188,5701
133733,5702
366658,5703
366833,5704
369843,5705
183643,5706
253258,5707
188718,5708
350663,5709
255113,5710
356823,5711
232223,5712
356158,5713
365083,5714
224243,5715
6018,5716
243983,5717
230718,5718
360673,5719
368058,5720
110878,5721
57993,5722
368793,5723
234988,5724
50258,5725
370228,5726
368828,5727
255358,5728
197363,5729
245593,5730
52533,5731
73218,5732
358713,5733
239923,5734
368023,5735
368618,5736
260888,5737
368933,5738
369633,5739
166389,5740
220009,5741
158269,5742
220604,5743
365959,5744
177099,5745
126699,5746
234044,5747
362809,5748
369984,5749
368864,5750
215109,5751
368619,5752
201459,5753
245174,5754
359099,5755
15434,5756
369179,5757
6159,5758
260889,5759
103319,5760
369634,5761
5354,5762
5844,5763
369564,5764
227849,5765
347899,5766
177169,5767
367079,5768
250214,5769
243984,5770
356159,5771
369879,5772
361899,5773
347479,5774
254239,5775
367044,5776
368829,5777
250459,5778
369109,5779
254344,5780
171429,5781
105524,5782
368899,5783
365784,5784
41929,5785
206919,5786
367009,5787
195614,5788
63629,5789
16344,5790
356439,5791
346324,5792
98629,5793
209789,5794
258789,5795
237579,5796
154349,5797
358714,5798
358574,5799
255219,5800
19004,5801
368024,5802
353044,5803
9274,5804
231909,5805
99364,5806
196174,5807
368479,5808
244964,5809
64119,5810
182734,5811
241464,5812
355669,5813
57854,5814
347724,5815
158654,5816
347059,5817
256269,5818
219939,5819
355599,5820
93379,5821
342999,5822
348949,5823
208984,5824
116969,5825
366379,5826
255709,5827
92609,5828
258684,5829
368724,5830
369599,5831
184309,5832
182909,5833
58484,5834
345764,5835
121694,5836
247939,5837
365574,5838
368164,5839
5984,5840
259664,5841
364384,5842
260574,5843
368094,5844
369494,5845
75004,5846
6019,5847
170729,5848
363859,5849
196209,5850
357489,5851
184554,5852
17114,5853
370159,5854
188894,5855
215144,5856
243634,5857
226484,5858
190504,5859
367814,5860
177659,5861
184869,5862
363649,5863
107659,5864
368934,5865
369284,5866
368969,5867
19494,5868
260784,5869
360464,5870
354934,5871
249724,5872
190644,5873
218819,5874
176049,5875
247799,5876
50364,5877
6264,5878
364069,5879
345379,5880
4444,5881
183329,5882
167089,5883
59009,5884
260224,5885
369669,5886
368794,5887
174089,5888
243389,5889
358504,5890
367639,5891
56489,5892
238944,5893
85574,5894
183644,5895
225154,5896
172899,5897
187879,5898
261239,5899
368129,5900
342754,5901
358399,5902
65799,5903
72834,5904
367954,5905
368199,5906
220709,5907
347374,5908
367849,5909
83054,5910
369319,5911
92364,5912
365749,5913
360499,5914
