10150,0
8855,1
3395,2
1260,3
9555,4
3220,5
10780,6
6825,7
9275,8
1645,9
9380,10
7875,11
1925,12
3255,13
8050,14
5250,15
3325,16
2030,17
3465,18
10920,19
11375,20
11550,21
5845,22
11585,23
2695,24
5460,25
9835,26
2450,27
2310,28
7700,29
7665,30
8715,31
11795,32
11900,33
6335,34
5390,35
12390,36
3710,37
10185,38
12180,39
420,40
6160,41
12460,42
945,43
3640,44
5600,45
11935,46
350,47
4970,48
9100,49
3360,50
8505,51
7945,52
7385,53
9450,54
10395,55
4445,56
10640,57
4165,58
525,59
1365,60
6510,61
5495,62
2100,63
630,64
4865,65
2730,66
5880,67
7140,68
9520,69
5180,70
1505,71
8995,72
4515,73
10360,74
10010,75
11165,76
2870,77
1190,78
9345,79
4760,80
6055,81
4060,82
4795,83
5530,84
9310,85
1295,86
6020,87
8575,88
1400,89
5215,90
3990,91
8330,92
7035,93
7315,94
10745,95
1120,96
1085,97
7560,98
735,99
6720,100
8260,101
9170,102
10850,103
10955,104
6755,105
2240,106
3535,107
6790,108
8015,109
9590,110
3150,111
3780,112
1225,113
3885,114
5425,115
5040,116
10080,117
11480,118
2940,119
11305,120
4270,121
6965,122
595,123
8435,124
8890,125
6580,126
1820,127
4200,128
805,129
7595,130
12425,131
6895,132
4235,133
6475,134
8295,135
2205,136
7420,137
2555,138
9940,139
2660,140
12285,141
9730,142
3010,143
5740,144
2905,145
105,146
2415,147
5110,148
7735,149
1540,150
35,151
910,152
9415,153
1155,154
3185,155
2170,156
6405,157
10500,158
11970,159
2800,160
1855,161
2835,162
4690,163
11270,164
4130,165
4620,166
7910,167
2590,168
7280,169
9905,170
1470,171
980,172
4550,173
9765,174
3045,175
4375,176
9065,177
8120,178
3745,179
9975,180
8225,181
3850,182
5355,183
4935,184
12250,185
5635,186
3115,187
5915,188
7245,189
8365,190
1750,191
11235,192
10570,193
6615,194
6930,195
8085,196
6125,197
8680,198
1715,199
8820,200
4655,201
11830,202
11620,203
840,204
2275,205
10430,206
11445,207
455,208
5670,209
4725,210
2520,211
8540,212
10325,213
875,214
9660,215
2975,216
3920,217
4410,218
770,219
7105,220
10255,221
2765,222
4340,223
7175,224
4585,225
7210,226
4900,227
12005,228
1890,229
385,230
7525,231
9870,232
2345,233
9695,234
70,235
8785,236
1435,237
5075,238
12320,239
5985,240
8400,241
9800,242
9485,243
6370,244
1610,245
4305,246
280,247
8470,248
3955,249
10710,250
7805,251
10045,252
11095,253
4480,254
7630,255
490,256
3570,257
3080,258
6230,259
560,260
245,261
210,262
8645,263
12565,264
700,265
8190,266
5005,267
6860,268
6685,269
5565,270
4830,271
12670,272
3605,273
315,274
9521,275
386,276
8821,277
11551,278
71,279
7036,280
4551,281
12006,282
8786,283
8086,284
2381,285
4621,286
7631,287
10886,288
1471,289
9416,290
9311,291
12601,292
1,293
8121,294
9731,295
981,296
2486,297
9976,298
6196,299
7596,300
6826,301
3746,302
2906,303
2346,304
4411,305
6231,306
6476,307
3291,308
5111,309
10746,310
3396,311
5916,312
1926,313
3186,314
2696,315
8506,316
8296,317
1261,318
6021,319
11341,320
3711,321
4866,322
9556,323
5531,324
6441,325
7211,326
7981,327
10116,328
1716,329
1681,330
9696,331
11936,332
1541,333
9661,334
6861,335
841,336
9276,337
4691,338
1016,339
5671,340
8191,341
1961,342
7771,343
12321,344
4831,345
10361,346
11831,347
3116,348
6126,349
1296,350
10851,351
246,352
3816,353
6756,354
4656,355
8576,356
3886,357
5146,358
106,359
10711,360
5601,361
771,362
2836,363
6966,364
10816,365
8226,366
736,367
4026,368
5636,369
9871,370
3606,371
12146,372
2626,373
7176,374
10151,375
12041,376
12356,377
631,378
5426,379
7526,380
1051,381
2101,382
2416,383
351,384
1646,385
8681,386
3081,387
9346,388
3571,389
3221,390
5251,391
8611,392
4306,393
4096,394
7876,395
11481,396
3641,397
12426,398
9486,399
141,400
4446,401
5321,402
4201,403
3921,404
8261,405
6616,406
1401,407
10781,408
10641,409
11726,410
12391,411
7666,412
3466,413
8331,414
491,415
876,416
1821,417
1576,418
8471,419
9066,420
3851,421
8856,422
8891,423
1996,424
8156,425
4341,426
2871,427
1436,428
4796,429
9101,430
4166,431
7071,432
8961,433
9381,434
10501,435
9626,436
4901,437
4586,438
5811,439
316,440
1226,441
10921,442
3536,443
6721,444
4971,445
1891,446
3991,447
6371,448
9031,449
11376,450
2276,451
4131,452
8016,453
4726,454
5986,455
1506,456
12461,457
10186,458
7701,459
7386,460
5741,461
2731,462
11166,463
3256,464
4376,465
3501,466
10431,467
2521,468
7141,469
4516,470
561,471
8541,472
5566,473
12111,474
11096,475
2206,476
4061,477
176,478
6511,479
7106,480
5006,481
11971,482
9451,483
5041,484
9941,485
6266,486
4761,487
1751,488
946,489
7316,490
7491,491
1121,492
2031,493
1086,494
4936,495
4271,496
36,497
12566,498
9906,499
3046,500
3361,501
6406,502
12286,503
6091,504
3151,505
421,506
911,507
12076,508
1331,509
596,510
6896,511
5461,512
8926,513
5216,514
7246,515
9171,516
2241,517
10046,518
10571,519
7561,520
6336,521
2451,522
4236,523
10081,524
6931,525
7281,526
10466,527
281,528
11901,529
5706,530
2766,531
6791,532
5846,533
1366,534
5391,535
2661,536
2311,537
8646,538
6581,539
11446,540
7421,541
7841,542
2941,543
2801,544
1191,545
3676,546
8716,547
3956,548
9206,549
9591,550
6546,551
9766,552
12216,553
5076,554
5881,555
7806,556
2556,557
5812,558
4552,559
10397,560
2242,561
772,562
10082,563
4797,564
10887,565
7317,566
12287,567
11307,568
3362,569
3047,570
6547,571
7177,572
912,573
37,574
8577,575
212,576
12427,577
5147,578
247,579
7947,580
2452,581
5217,582
11587,583
3082,584
10502,585
11832,586
7142,587
1752,588
11867,589
5707,590
9977,591
492,592
4097,593
9172,594
11097,595
6827,596
10817,597
3502,598
4587,599
9522,600
1717,601
632,602
3467,603
10292,604
2697,605
6582,606
11937,607
5672,608
5637,609
8822,610
7702,611
4412,612
4657,613
10467,614
842,615
3642,616
11552,617
8017,618
2872,619
8262,620
3922,621
5917,622
4937,623
10187,624
12042,625
3747,626
6022,627
2732,628
4447,629
387,630
1297,631
8927,632
1507,633
3537,634
8997,635
8297,636
1402,637
1227,638
1262,639
3992,640
6092,641
6442,642
2312,643
1332,644
3782,645
72,646
1087,647
1017,648
2137,649
2802,650
7282,651
8682,652
1997,653
9417,654
9242,655
4377,656
5182,657
4482,658
2627,659
4517,660
4727,661
10747,662
8332,663
9382,664
9662,665
1192,666
12532,667
11727,668
8122,669
11622,670
8962,671
2767,672
6932,673
12602,674
7632,675
11377,676
1122,677
7562,678
5042,679
8612,680
1437,681
317,682
10782,683
6197,684
11797,685
8717,686
11342,687
7492,688
7037,689
457,690
3257,691
7597,692
2347,693
1857,694
7912,695
9067,696
2382,697
8507,698
807,699
5007,700
6057,701
10047,702
7247,703
6617,704
2102,705
3957,706
5532,707
5462,708
4307,709
9767,710
352,711
3607,712
7072,713
6127,714
6757,715
527,716
1682,717
1787,718
7422,719
4692,720
7737,721
3712,722
10642,723
9102,724
3012,725
597,726
7387,727
4972,728
6967,729
2977,730
2907,731
3817,732
11972,733
3292,734
4237,735
4342,736
4027,737
8752,738
1542,739
4272,740
7107,741
2837,742
737,743
6722,744
1157,745
5322,746
7842,747
5077,748
11027,749
142,750
947,751
6792,752
1577,753
3152,754
9557,755
877,756
1472,757
2942,758
11902,759
1892,760
7772,761
3117,762
4062,763
4902,764
1927,765
5392,766
4167,767
8087,768
10712,769
7527,770
282,771
982,772
11237,773
2,774
177,775
6652,776
9592,777
11482,778
9907,779
6512,780
11447,781
9627,782
4622,783
4132,784
107,785
702,786
5252,787
6897,788
5112,789
8892,790
1647,791
2522,792
12322,793
3397,794
9802,795
4762,796
7352,797
9487,798
5497,799
7457,800
8787,801
8227,802
11657,803
1052,804
2032,805
9207,806
10922,807
9032,808
8472,809
3327,810
6267,811
8857,812
4202,813
3187,814
7877,815
5567,816
2277,817
2417,818
2557,819
6477,820
3432,821
5882,822
6407,823
562,824
6862,825
12147,826
9732,827
3222,828
7212,829
8402,830
10572,831
3852,832
7807,833
6232,834
3677,835
7982,836
8192,837
3887,838
4867,839
8647,840
12672,841
9312,842
10852,843
1367,844
10362,845
11202,846
5777,847
6372,848
8157,849
5427,850
7667,851
9942,852
5847,853
10152,854
12357,855
7913,856
3223,857
8018,858
2313,859
5463,860
2348,861
9208,862
11588,863
7178,864
7843,865
2033,866
9873,867
7878,868
4938,869
1053,870
9068,871
3468,872
3433,873
4238,874
11343,875
8438,876
12218,877
703,878
8333,879
318,880
6793,881
1858,882
38,883
5323,884
4063,885
5638,886
1438,887
8088,888
9173,889
7948,890
8963,891
2943,892
2908,893
4623,894
5673,895
283,896
10503,897
3258,898
3538,899
4168,900
5008,901
2138,902
9488,903
6338,904
1893,905
808,906
6583,907
11973,908
9943,909
2838,910
528,911
7738,912
6758,913
6303,914
8753,915
5918,916
9138,917
12113,918
6863,919
738,920
7668,921
878,922
4763,923
3118,924
1158,925
10958,926
2593,927
10783,928
7213,929
10188,930
8158,931
10118,932
6933,933
4868,934
8193,935
4658,936
11413,937
633,938
4098,939
8578,940
2523,941
7283,942
5043,943
10853,944
248,945
4798,946
11098,947
11448,948
1193,949
7983,950
5253,951
3958,952
178,953
423,954
5288,955
11308,956
11273,957
10888,958
10748,959
7143,960
11938,961
1508,962
5393,963
11168,964
10083,965
10328,966
3013,967
1928,968
8053,969
73,970
9243,971
5358,972
11798,973
12638,974
6828,975
6548,976
2768,977
1368,978
1578,979
948,980
143,981
7038,982
4028,983
6968,984
8508,985
7703,986
8683,987
3748,988
3888,989
4273,990
12253,991
8228,992
8823,993
4553,994
6618,995
6373,996
4343,997
3923,998
5218,999
9278,1000
12148,1001
2488,1002
12183,1003
2383,1004
9803,1005
12428,1006
10433,1007
2733,1008
5708,1009
7633,1010
9593,1011
353,1012
6653,1013
9313,1014
2173,1015
1473,1016
7388,1017
458,1018
913,1019
5813,1020
2873,1021
3048,1022
3293,1023
10363,1024
1403,1025
4833,1026
12358,1027
2418,1028
11203,1029
8263,1030
4693,1031
10678,1032
7073,1033
1543,1034
6268,1035
8403,1036
1788,1037
773,1038
1018,1039
5533,1040
9558,1041
11693,1042
4378,1043
10573,1044
668,1045
6898,1046
5113,1047
10643,1048
9033,1049
4903,1050
3328,1051
5568,1052
2663,1053
2208,1054
10013,1055
11518,1056
9768,1057
213,1058
4413,1059
8473,1060
11028,1061
2068,1062
11483,1063
10538,1064
1613,1065
10468,1066
6128,1067
6513,1068
6233,1069
12603,1070
1228,1071
3,1072
6723,1073
1718,1074
8718,1075
3818,1076
6058,1077
8858,1078
7108,1079
10818,1080
2978,1081
2628,1082
9103,1083
3643,1084
2243,1085
10223,1086
3153,1087
10293,1088
9523,1089
7248,1090
7598,1091
11623,1092
9978,1093
8893,1094
11728,1095
5988,1096
10713,1097
5078,1098
983,1099
1683,1100
3678,1101
563,1102
2803,1103
3573,1104
843,1105
4308,1106
6408,1107
2558,1108
7493,1109
5498,1110
3363,1111
9418,1112
12288,1113
1648,1114
3398,1115
108,1116
5883,1117
7808,1118
8543,1119
3608,1120
4728,1121
7458,1122
5428,1123
9733,1124
7003,1125
12393,1126
4448,1127
4203,1128
7423,1129
5183,1130
3783,1131
1088,1132
4518,1133
3993,1134
8928,1135
7773,1136
2103,1137
2278,1138
2453,1139
3188,1140
5148,1141
8123,1142
3713,1143
9383,1144
598,1145
493,1146
3083,1147
1753,1148
5848,1149
6198,1150
9628,1151
8298,1152
3853,1153
1123,1154
7353,1155
4029,1156
39,1157
4904,1158
12674,1159
7179,1160
3014,1161
9034,1162
9804,1163
6094,1164
4729,1165
8614,1166
8544,1167
1894,1168
9629,1169
5814,1170
12464,1171
8229,1172
5499,1173
5429,1174
8894,1175
4869,1176
2979,1177
10749,1178
10889,1179
2629,1180
5324,1181
9384,1182
11764,1183
6724,1184
6269,1185
2209,1186
4169,1187
4939,1188
4064,1189
9244,1190
10504,1191
2734,1192
12429,1193
10854,1194
5254,1195
2419,1196
7389,1197
4239,1198
4659,1199
2664,1200
4694,1201
3854,1202
10994,1203
11204,1204
1404,1205
3644,1206
1754,1207
1614,1208
8089,1209
5569,1210
6654,1211
4764,1212
3539,1213
8789,1214
11904,1215
12114,1216
1439,1217
599,1218
10784,1219
2874,1220
6304,1221
12639,1222
5149,1223
10014,1224
7809,1225
8439,1226
3154,1227
3259,1228
11344,1229
7844,1230
2804,1231
3119,1232
8964,1233
1579,1234
8509,1235
9594,1236
12219,1237
9769,1238
354,1239
12324,1240
2909,1241
214,1242
1474,1243
4484,1244
2174,1245
3924,1246
12394,1247
1509,1248
5359,1249
7284,1250
3294,1251
2559,1252
144,1253
8194,1254
109,1255
10679,1256
1229,1257
1159,1258
9524,1259
11799,1260
9454,1261
6549,1262
3679,1263
704,1264
6829,1265
5219,1266
11974,1267
10154,1268
4204,1269
2034,1270
774,1271
5849,1272
6234,1273
5989,1274
9944,1275
9734,1276
3609,1277
3434,1278
8299,1279
2944,1280
3049,1281
3469,1282
4519,1283
10084,1284
10224,1285
11029,1286
9349,1287
6584,1288
879,1289
5289,1290
6794,1291
669,1292
6899,1293
7634,1294
1124,1295
3364,1296
1649,1297
3574,1298
3889,1299
5394,1300
4,1301
6374,1302
11694,1303
5044,1304
3959,1305
319,1306
4099,1307
5709,1308
10714,1309
8054,1310
11414,1311
12009,1312
2384,1313
7459,1314
9839,1315
6759,1316
2489,1317
2279,1318
459,1319
5639,1320
4344,1321
5919,1322
1299,1323
74,1324
5009,1325
7424,1326
11134,1327
3749,1328
7004,1329
10819,1330
7109,1331
6059,1332
5184,1333
2699,1334
3504,1335
7074,1336
2069,1337
7249,1338
11099,1339
424,1340
5079,1341
2524,1342
9069,1343
6514,1344
1369,1345
1789,1346
9489,1347
3224,1348
2104,1349
7879,1350
1019,1351
4834,1352
2839,1353
284,1354
2769,1355
4554,1356
3819,1357
6339,1358
6619,1359
914,1360
8404,1361
4274,1362
9314,1363
1684,1364
4799,1365
9559,1366
3189,1367
7914,1368
6444,1369
8124,1370
7214,1371
2139,1372
5534,1373
1054,1374
6969,1375
8824,1376
1719,1377
5674,1378
8859,1379
9279,1380
10364,1381
11729,1382
1089,1383
7949,1384
9874,1385
10329,1386
7739,1387
10399,1388
1334,1389
11484,1390
179,1391
2349,1392
5954,1393
11834,1394
7039,1395
8999,1396
8019,1397
4309,1398
4449,1399
949,1400
8334,1401
2244,1402
1929,1403
3084,1404
10574,1405
6024,1406
6409,1407
10294,1408
7984,1409
9139,1410
6164,1411
7704,1412
10119,1413
11519,1414
3329,1415
7354,1416
8159,1417
1194,1418
5779,1419
8369,1420
8474,1421
9104,1422
739,1423
844,1424
8579,1425
8754,1426
9979,1427
8684,1428
249,1429
2314,1430
12604,1431
7144,1432
1964,1433
8649,1434
6864,1435
1544,1436
3784,1437
7669,1438
3994,1439
1859,1440
4870,1441
11905,1442
7915,1443
1545,1444
8265,1445
180,1446
9105,1447
320,1448
5395,1449
3155,1450
635,1451
1685,1452
5325,1453
11625,1454
3085,1455
7600,1456
4695,1457
12290,1458
530,1459
6410,1460
3435,1461
10855,1462
4310,1463
5990,1464
215,1465
6270,1466
11940,1467
8370,1468
4065,1469
12605,1470
8440,1471
9875,1472
810,1473
7985,1474
9700,1475
8475,1476
2000,1477
3575,1478
3680,1479
8755,1480
12465,1481
2665,1482
775,1483
9210,1484
10505,1485
10750,1486
3400,1487
3330,1488
12185,1489
460,1490
2035,1491
2385,1492
7775,1493
3540,1494
4205,1495
1860,1496
2315,1497
9315,1498
7845,1499
11065,1500
10435,1501
40,1502
11170,1503
1475,1504
7460,1505
4345,1506
7425,1507
10785,1508
6725,1509
6795,1510
5640,1511
8545,1512
10960,1513
8720,1514
1930,1515
5185,1516
5500,1517
9280,1518
9525,1519
3260,1520
3820,1521
1510,1522
2805,1523
5360,1524
2280,1525
1125,1526
950,1527
11205,1528
9630,1529
6655,1530
110,1531
3750,1532
1615,1533
9735,1534
11590,1535
10470,1536
10295,1537
3785,1538
10225,1539
1195,1540
3505,1541
1020,1542
11730,1543
3855,1544
1650,1545
5115,1546
7635,1547
4100,1548
5850,1549
6445,1550
915,1551
1055,1552
2910,1553
4380,1554
8125,1555
9350,1556
5885,1557
10820,1558
1090,1559
6900,1560
9175,1561
740,1562
2420,1563
4450,1564
6550,1565
3610,1566
9595,1567
6935,1568
8230,1569
2140,1570
6760,1571
6095,1572
2735,1573
5220,1574
3960,1575
8825,1576
5255,1577
5920,1578
11345,1579
2070,1580
5955,1581
9455,1582
1370,1583
6585,1584
4555,1585
1405,1586
5150,1587
4240,1588
6060,1589
670,1590
2630,1591
5045,1592
5535,1593
3190,1594
6130,1595
6865,1596
8580,1597
10400,1598
2875,1599
9840,1600
11240,1601
1300,1602
6025,1603
9490,1604
10365,1605
4940,1606
9385,1607
9000,1608
7145,1609
8615,1610
11135,1611
7950,1612
11520,1613
495,1614
4415,1615
8300,1616
2980,1617
2175,1618
5010,1619
11030,1620
11555,1621
5290,1622
12220,1623
7355,1624
4135,1625
4030,1626
145,1627
7215,1628
1895,1629
3050,1630
2770,1631
7285,1632
9980,1633
1580,1634
8055,1635
8335,1636
10540,1637
11380,1638
7740,1639
4975,1640
4170,1641
9140,1642
3890,1643
9805,1644
7005,1645
1440,1646
7040,1647
2455,1648
10890,1649
8650,1650
10085,1651
845,1652
1755,1653
5675,1654
4660,1655
1965,1656
6375,1657
10715,1658
5710,1659
4625,1660
6690,1661
705,1662
8020,1663
2560,1664
425,1665
4485,1666
3295,1667
9770,1668
7705,1669
2210,1670
4835,1671
5,1672
2525,1673
12675,1674
6620,1675
2840,1676
9910,1677
6235,1678
3120,1679
7075,1680
2105,1681
1790,1682
3365,1683
75,1684
9035,1685
4765,1686
2350,1687
285,1688
7250,1689
6165,1690
10015,1691
1335,1692
8895,1693
7565,1694
3995,1695
10260,1696
7110,1697
11975,1698
3470,1699
4800,1700
8160,1701
6480,1702
10995,1703
3925,1704
4275,1705
7180,1706
7880,1707
7670,1708
5780,1709
2945,1710
8790,1711
9560,1712
880,1713
6830,1714
8860,1715
1230,1716
9945,1717
4905,1718
9245,1719
7810,1720
1720,1721
10050,1722
8195,1723
8021,1724
8056,1725
3331,1726
10996,1727
9876,1728
11031,1729
11521,1730
7041,1731
8931,1732
10716,1733
5956,1734
1546,1735
5046,1736
2806,1737
986,1738
10856,1739
5256,1740
7531,1741
4171,1742
1721,1743
5886,1744
8511,1745
7741,1746
146,1747
8441,1748
9911,1749
8336,1750
11976,1751
1651,1752
9071,1753
4801,1754
2316,1755
3436,1756
1231,1757
6061,1758
11871,1759
1441,1760
4871,1761
5851,1762
3086,1763
7496,1764
4206,1765
7461,1766
321,1767
8371,1768
7006,1769
1476,1770
8196,1771
4731,1772
2351,1773
6551,1774
2036,1775
2981,1776
3611,1777
6831,1778
11241,1779
846,1780
7076,1781
9386,1782
2631,1783
8966,1784
4031,1785
3506,1786
5291,1787
6586,1788
9771,1789
636,1790
11801,1791
3296,1792
10786,1793
9701,1794
6446,1795
2561,1796
216,1797
10051,1798
5676,1799
2911,1800
4906,1801
10296,1802
12536,1803
1406,1804
741,1805
3191,1806
11171,1807
4136,1808
9841,1809
6866,1810
3891,1811
2421,1812
12186,1813
6131,1814
7986,1815
7566,1816
2666,1817
4766,1818
76,1819
9596,1820
2246,1821
6796,1822
11486,1823
5151,1824
8546,1825
7811,1826
12641,1827
1161,1828
11661,1829
2106,1830
6656,1831
11696,1832
8231,1833
4556,1834
4626,1835
2701,1836
4451,1837
1791,1838
181,1839
8616,1840
8126,1841
3821,1842
1511,1843
7216,1844
6306,1845
4241,1846
3786,1847
3576,1848
7356,1849
3471,1850
2141,1851
461,1852
11556,1853
8791,1854
11451,1855
7916,1856
12431,1857
9946,1858
8476,1859
6481,1860
7846,1861
6271,1862
9246,1863
1371,1864
2526,1865
3156,1866
5816,1867
4661,1868
5921,1869
1896,1870
6726,1871
9981,1872
1056,1873
111,1874
12291,1875
5396,1876
3961,1877
6621,1878
2386,1879
2736,1880
10366,1881
2211,1882
7146,1883
7181,1884
8756,1885
10436,1886
2071,1887
12361,1888
2491,1889
7601,1890
1266,1891
9281,1892
6341,1893
41,1894
4066,1895
9316,1896
4521,1897
5501,1898
4381,1899
10156,1900
9491,1901
11136,1902
2281,1903
3226,1904
2946,1905
9176,1906
1686,1907
1931,1908
9106,1909
8861,1910
916,1911
9211,1912
3401,1913
6901,1914
7251,1915
6201,1916
1756,1917
6,1918
6376,1919
5781,1920
811,1921
496,1922
7286,1923
3121,1924
9001,1925
7111,1926
9526,1927
706,1928
11906,1929
7706,1930
10471,1931
11626,1932
5711,1933
8406,1934
6691,1935
9666,1936
2001,1937
2176,1938
5011,1939
5536,1940
11381,1941
10751,1942
12676,1943
286,1944
11276,1945
1021,1946
4976,1947
8301,1948
8896,1949
11066,1950
531,1951
3926,1952
6096,1953
3681,1954
7881,1955
6166,1956
9631,1957
10961,1958
11346,1959
4486,1960
6026,1961
3261,1962
8826,1963
3051,1964
951,1965
8721,1966
7426,1967
671,1968
6971,1969
1616,1970
12396,1971
2841,1972
2876,1973
4346,1974
9561,1975
10226,1976
5221,1977
5326,1978
2456,1979
11836,1980
1126,1981
1091,1982
12116,1983
5991,1984
1861,1985
8266,1986
7636,1987
5116,1988
7671,1989
10401,1990
11941,1991
1301,1992
3366,1993
3856,1994
9141,1995
9736,1996
2771,1997
4696,1998
1581,1999
9806,2000
6936,2001
776,2002
9036,2003
4276,2004
881,2005
3751,2006
5957,2007
7532,2008
12292,2009
2002,2010
1687,2011
8372,2012
10262,2013
1547,2014
5362,2015
6622,2016
6552,2017
2422,2018
1127,2019
8617,2020
952,2021
9632,2022
11522,2023
5712,2024
8022,2025
1652,2026
10157,2027
7287,2028
7707,2029
2527,2030
7672,2031
12642,2032
8792,2033
2877,2034
3437,2035
1162,2036
9807,2037
4802,2038
3262,2039
3822,2040
10997,2041
3052,2042
4732,2043
6097,2044
8967,2045
3192,2046
5992,2047
8582,2048
11242,2049
77,2050
1092,2051
10927,2052
742,2053
6027,2054
7812,2055
10787,2056
6937,2057
7427,2058
637,2059
3122,2060
10507,2061
812,2062
4067,2063
9947,2064
532,2065
2037,2066
1442,2067
8442,2068
5327,2069
5607,2070
11592,2071
6727,2072
9177,2073
9597,2074
1862,2075
6307,2076
6657,2077
5152,2078
2387,2079
11837,2080
9912,2081
3857,2082
4137,2083
3542,2084
2597,2085
3297,2086
11102,2087
5642,2088
7217,2089
6902,2090
7042,2091
4592,2092
4907,2093
5047,2094
1477,2095
11732,2096
8757,2097
12677,2098
10857,2099
5432,2100
12432,2101
12397,2102
4557,2103
9527,2104
8232,2105
10052,2106
11032,2107
6587,2108
9317,2109
9492,2110
10437,2111
4032,2112
1232,2113
5887,2114
1372,2115
4417,2116
9002,2117
5922,2118
7917,2119
11172,2120
1932,2121
8337,2122
6272,2123
9037,2124
7497,2125
3367,2126
182,2127
847,2128
2702,2129
9072,2130
4627,2131
2492,2132
7462,2133
9282,2134
6797,2135
5222,2136
987,2137
7567,2138
882,2139
1582,2140
4347,2141
7847,2142
8407,2143
9107,2144
8827,2145
7,2146
11697,2147
2177,2148
4277,2149
4452,2150
1057,2151
7112,2152
3717,2153
11907,2154
602,2155
6167,2156
1407,2157
8862,2158
707,2159
5082,2160
3612,2161
11067,2162
9387,2163
1022,2164
3927,2165
10227,2166
1337,2167
497,2168
10647,2169
11487,2170
8722,2171
11977,2172
8477,2173
2772,2174
5117,2175
5747,2176
462,2177
11137,2178
12537,2179
11802,2180
3507,2181
5397,2182
4767,2183
11277,2184
8127,2185
9562,2186
10332,2187
1722,2188
2807,2189
1897,2190
11347,2191
11662,2192
8197,2193
9457,2194
6062,2195
2352,2196
9212,2197
2947,2198
10297,2199
10752,2200
5852,2201
6972,2202
12362,2203
3157,2204
1617,2205
6412,2206
6762,2207
8932,2208
5257,2209
7742,2210
287,2211
1792,2212
6377,2213
7357,2214
11207,2215
2107,2216
2212,2217
10542,2218
2072,2219
3752,2220
2562,2221
5012,2222
6482,2223
5502,2224
7077,2225
1967,2226
8652,2227
1512,2228
3087,2229
10122,2230
6517,2231
4102,2232
9737,2233
3997,2234
567,2235
11767,2236
3227,2237
7987,2238
5292,2239
2982,2240
9247,2241
7252,2242
4207,2243
6132,2244
11942,2245
9877,2246
12222,2247
6832,2248
3962,2249
10472,2250
4662,2251
7637,2252
7602,2253
7182,2254
7777,2255
2457,2256
9667,2257
2737,2258
4837,2259
4522,2260
4172,2261
4487,2262
1267,2263
4872,2264
7392,2265
4242,2266
1302,2267
7952,2268
8267,2269
5782,2270
42,2271
8092,2272
777,2273
392,2274
3402,2275
8897,2276
3787,2277
1827,2278
8162,2279
5817,2280
1757,2281
357,2282
3682,2283
7147,2284
2282,2285
10682,2286
5677,2287
6343,2288
2073,2289
1933,2290
4558,2291
4803,2292
6308,2293
4733,2294
11383,2295
12363,2296
5643,2297
2038,2298
2493,2299
5888,2300
1338,2301
1268,2302
11908,2303
10193,2304
7988,2305
1723,2306
1793,2307
3753,2308
12643,2309
288,2310
6203,2311
1128,2312
8723,2313
3788,2314
6028,2315
4278,2316
6518,2317
7533,2318
9913,2319
2948,2320
12293,2321
6763,2322
2913,2323
3718,2324
8968,2325
11348,2326
9073,2327
6378,2328
533,2329
4628,2330
4593,2331
5713,2332
6273,2333
4488,2334
1583,2335
11943,2336
7393,2337
1058,2338
1408,2339
10263,2340
7463,2341
113,2342
2108,2343
8793,2344
12608,2345
8863,2346
6693,2347
9038,2348
5678,2349
5363,2350
9528,2351
11138,2352
4348,2353
11243,2354
9143,2355
12048,2356
6658,2357
2843,2358
3823,2359
8548,2360
1828,2361
4978,2362
8933,2363
9003,2364
3858,2365
7603,2366
848,2367
4033,2368
5468,2369
8618,2370
11593,2371
3228,2372
2388,2373
4453,2374
6413,2375
2143,2376
5783,2377
603,2378
7638,2379
3123,2380
12398,2381
3473,2382
4418,2383
3158,2384
5328,2385
7323,2386
10683,2387
1163,2388
5573,2389
988,2390
7113,2391
7078,2392
9563,2393
78,2394
218,2395
11978,2396
9178,2397
2598,2398
8093,2399
2878,2400
4873,2401
5923,2402
8828,2403
3928,2404
708,2405
6798,2406
1758,2407
3963,2408
6833,2409
3088,2410
1443,2411
7183,2412
2808,2413
10928,2414
7708,2415
5013,2416
1968,2417
3543,2418
8443,2419
813,2420
6483,2421
11628,2422
6133,2423
2773,2424
4908,2425
11033,2426
8,2427
6973,2428
2563,2429
8023,2430
4943,2431
9283,2432
4208,2433
12118,2434
9423,2435
10578,2436
5398,2437
2423,2438
7358,2439
8128,2440
10648,2441
11488,2442
12328,2443
8163,2444
5153,2445
1478,2446
7848,2447
1373,2448
8303,2449
3018,2450
3053,2451
2633,2452
6588,2453
2248,2454
12573,2455
11523,2456
2668,2457
5118,2458
743,2459
4768,2460
3263,2461
2703,2462
9948,2463
9213,2464
3298,2465
10333,2466
11663,2467
1618,2468
7953,2469
8688,2470
9353,2471
11208,2472
12538,2473
7218,2474
9668,2475
7743,2476
8653,2477
10018,2478
4838,2479
393,2480
5958,2481
5853,2482
8758,2483
1688,2484
2283,2485
1548,2486
4383,2487
2738,2488
7673,2489
3438,2490
2178,2491
5993,2492
2213,2493
9108,2494
498,2495
8478,2496
1233,2497
4663,2498
3613,2499
1653,2500
9703,2501
3648,2502
7043,2503
7253,2504
11103,2505
8268,2506
6728,2507
9878,2508
3368,2509
323,2510
9318,2511
10368,2512
7813,2513
638,2514
883,2515
6098,2516
6868,2517
4698,2518
10053,2519
7778,2520
7428,2521
8373,2522
358,2523
5258,2524
2983,2525
5748,2526
12153,2527
8583,2528
183,2529
4068,2530
3508,2531
3403,2532
11838,2533
43,2534
9493,2535
3578,2536
9598,2537
8198,2538
9808,2539
6903,2540
1898,2541
1093,2542
7883,2543
4103,2544
10893,2545
5608,2546
1513,2547
2318,2548
9738,2549
3193,2550
8233,2551
2003,2552
5818,2553
6553,2554
8338,2555
9633,2556
1863,2557
8898,2558
3333,2559
6623,2560
7288,2561
6938,2562
2458,2563
1303,2564
5048,2565
11068,2566
7008,2567
5503,2568
778,2569
9564,2570
11384,2571
11244,2572
7604,2573
6134,2574
324,2575
2354,2576
8339,2577
3859,2578
12329,2579
2914,2580
7184,2581
12189,2582
1724,2583
2389,2584
11314,2585
10264,2586
464,2587
2739,2588
1339,2589
3124,2590
7534,2591
9144,2592
3229,2593
4069,2594
3404,2595
9599,2596
7254,2597
3509,2598
4839,2599
2214,2600
12609,2601
5539,2602
5644,2603
2144,2604
10649,2605
7499,2606
11944,2607
2949,2608
12644,2609
6834,2610
8059,2611
12469,2612
5609,2613
4489,2614
1304,2615
954,2616
5924,2617
4594,2618
1514,2619
4104,2620
184,2621
6274,2622
6869,2623
9039,2624
4944,2625
10719,2626
8864,2627
1409,2628
6519,2629
7009,2630
3789,2631
8234,2632
1199,2633
5224,2634
11454,2635
10404,2636
1654,2637
7394,2638
3369,2639
7989,2640
11279,2641
7359,2642
1759,2643
11419,2644
2704,2645
6764,2646
9109,2647
7569,2648
1934,2649
1969,2650
5294,2651
4384,2652
1689,2653
7814,2654
10124,2655
8269,2656
2424,2657
5504,2658
79,2659
2809,2660
8199,2661
2879,2662
884,2663
2634,2664
814,2665
9809,2666
8374,2667
1059,2668
149,2669
1829,2670
9354,2671
11139,2672
10054,2673
6904,2674
4209,2675
919,2676
5889,2677
7429,2678
10229,2679
9,2680
6204,2681
9844,2682
2249,2683
849,2684
10929,2685
1129,2686
4734,2687
3334,2688
7639,2689
12259,2690
9669,2691
7779,2692
779,2693
11349,2694
6099,2695
394,2696
6309,2697
3579,2698
10999,2699
9949,2700
3544,2701
7114,2702
1374,2703
1269,2704
5259,2705
5329,2706
6974,2707
11209,2708
8934,2709
3474,2710
8584,2711
5994,2712
8654,2713
44,2714
10439,2715
2494,2716
3264,2717
1164,2718
499,2719
3929,2720
3964,2721
7919,2722
2459,2723
3824,2724
9984,2725
2669,2726
2774,2727
11104,2728
2844,2729
289,2730
5364,2731
359,2732
639,2733
10369,2734
3019,2735
2529,2736
1584,2737
6729,2738
8409,2739
9004,2740
2109,2741
12434,2742
8969,2743
3719,2744
5819,2745
12084,2746
12574,2747
9249,2748
11034,2749
1549,2750
1794,2751
9704,2752
1899,2753
6414,2754
5119,2755
7709,2756
7884,2757
1094,2758
8759,2759
6554,2760
7324,2761
8164,2762
709,2763
2984,2764
8129,2765
10474,2766
9284,2767
2284,2768
10509,2769
9914,2770
11839,2771
2004,2772
8444,2773
1864,2774
8619,2775
8689,2776
9074,2777
12119,2778
674,2779
1479,2780
12294,2781
114,2782
4139,2783
8094,2784
7079,2785
4804,2786
1234,2787
5014,2788
3649,2789
6484,2790
12539,2791
7044,2792
9634,2793
8479,2794
9424,2795
5714,2796
4244,2797
3754,2798
5049,2799
7674,2800
9494,2801
5154,2802
8724,2803
10894,2804
4629,2805
6624,2806
9319,2807
4769,2808
569,2809
6799,2810
7219,2811
4699,2812
5679,2813
6659,2814
4909,2815
8829,2816
9739,2817
7849,2818
11559,2819
5959,2820
1444,2821
5084,2822
10159,2823
2039,2824
10194,2825
5469,2826
3299,2827
4279,2828
9179,2829
1619,2830
8549,2831
7954,2832
6589,2833
6239,2834
8794,2835
4174,2836
11489,2837
6064,2838
4034,2839
4349,2840
9529,2841
4454,2842
2179,2843
5854,2844
5749,2845
604,2846
10859,2847
9879,2848
4979,2849
9214,2850
534,2851
3614,2852
3194,2853
6379,2854
8130,2855
6520,2856
10055,2857
1410,2858
7605,2859
1305,2860
9215,2861
11490,2862
2670,2863
12120,2864
9285,2865
1900,2866
12680,2867
1445,2868
6975,2869
4700,2870
2005,2871
7990,2872
990,2873
3860,2874
185,2875
2145,2876
10790,2877
5295,2878
6205,2879
1060,2880
535,2881
9670,2882
605,2883
12645,2884
4280,2885
3055,2886
3475,2887
5190,2888
8480,2889
3230,2890
5015,2891
10895,2892
6870,2893
1830,2894
11210,2895
1865,2896
10195,2897
12050,2898
7815,2899
1480,2900
4595,2901
8515,2902
9075,2903
6940,2904
815,2905
6065,2906
9425,2907
255,2908
850,2909
8235,2910
8550,2911
5680,2912
9810,2913
1130,2914
1165,2915
5610,2916
5575,2917
2810,2918
10685,2919
3195,2920
3370,2921
4630,2922
2110,2923
10825,2924
1970,2925
1935,2926
5645,2927
5925,2928
2845,2929
7850,2930
5960,2931
4070,2932
8725,2933
2180,2934
3615,2935
3510,2936
6380,2937
11000,2938
3125,2939
5085,2940
11175,2941
9145,2942
7465,2943
9845,2944
2040,2945
9495,2946
5715,2947
1760,2948
9530,2949
8445,2950
2600,2951
5890,2952
3965,2953
4735,2954
12295,2955
115,2956
5120,2957
6135,2958
7780,2959
6100,2960
7185,2961
4455,2962
6765,2963
10335,2964
7080,2965
8900,2966
10580,2967
4770,2968
2915,2969
1340,2970
6835,2971
12470,2972
2460,2973
8830,2974
1585,2975
6310,2976
6555,2977
11350,2978
9005,2979
5785,2980
11420,2981
5505,2982
8375,2983
10510,2984
3825,2985
3300,2986
10370,2987
5750,2988
2355,2989
8655,2990
955,2991
4210,2992
7570,2993
150,2994
6345,2995
2075,2996
6485,2997
4035,2998
8970,2999
4560,3000
9110,3001
4420,3002
9320,3003
11280,3004
1375,3005
6240,3006
1515,3007
9180,3008
8795,3009
10160,3010
5155,3011
12085,3012
8095,3013
8200,3014
7010,3015
4175,3016
8165,3017
9880,3018
4140,3019
4840,3020
10405,3021
5365,3022
8305,3023
8760,3024
11945,3025
9355,3026
9600,3027
1725,3028
7640,3029
10545,3030
12610,3031
9740,3032
4665,3033
9040,3034
1200,3035
4315,3036
2740,3037
11595,3038
7220,3039
395,3040
7885,3041
4350,3042
6730,3043
7325,3044
10230,3045
220,3046
8935,3047
1235,3048
2495,3049
1690,3050
2950,3051
710,3052
3545,3053
780,3054
7115,3055
6415,3056
7535,3057
4490,3058
6905,3059
7955,3060
3720,3061
8585,3062
360,3063
4105,3064
570,3065
2985,3066
8410,3067
2320,3068
9635,3069
6030,3070
325,3071
465,3072
9705,3073
10020,3074
4525,3075
11455,3076
4805,3077
6625,3078
8270,3079
3335,3080
2285,3081
8025,3082
4980,3083
7395,3084
3020,3085
45,3086
5050,3087
290,3088
4385,3089
4945,3090
640,3091
2635,3092
7920,3093
500,3094
1655,3095
3440,3096
10,3097
11105,3098
7675,3099
7045,3100
2390,3101
4910,3102
11245,3103
3895,3104
3265,3105
6660,3106
5820,3107
8340,3108
10265,3109
2530,3110
3755,3111
1795,3112
5260,3113
11140,3114
9915,3115
2880,3116
8690,3117
6275,3118
5540,3119
6800,3120
7500,3121
8060,3122
3685,3123
7430,3124
1620,3125
3580,3126
4875,3127
9985,3128
11385,3129
3405,3130
3930,3131
9950,3132
10475,3133
11980,3134
10615,3135
8620,3136
6031,3137
1831,3138
5436,3139
8621,3140
3371,3141
6976,3142
1166,3143
2076,3144
641,3145
2006,3146
7396,3147
11561,3148
11351,3149
11,3150
10126,3151
5891,3152
10406,3153
8026,3154
4351,3155
8516,3156
956,3157
1866,3158
8936,3159
6661,3160
4281,3161
10301,3162
1446,3163
7501,3164
9846,3165
8131,3166
11841,3167
12401,3168
2531,3169
2671,3170
8551,3171
10546,3172
5681,3173
781,3174
1061,3175
7886,3176
12681,3177
5961,3178
10441,3179
676,3180
9216,3181
3336,3182
9776,3183
1971,3184
6311,3185
886,3186
4876,3187
1096,3188
5086,3189
3721,3190
851,3191
7921,3192
5226,3193
186,3194
2846,3195
2601,3196
3581,3197
12086,3198
10896,3199
8866,3200
10686,3201
2706,3202
3896,3203
4491,3204
9916,3205
3161,3206
7991,3207
4036,3208
1026,3209
2916,3210
5506,3211
10091,3212
6871,3213
711,3214
3231,3215
5471,3216
9636,3217
7116,3218
9146,3219
10476,3220
12191,3221
12646,3222
6696,3223
2496,3224
12121,3225
8656,3226
3126,3227
4211,3228
3196,3229
4106,3230
11771,3231
5576,3232
9951,3233
2111,3234
10616,3235
11981,3236
1901,3237
3056,3238
8691,3239
9356,3240
9601,3241
5611,3242
3511,3243
3756,3244
326,3245
12541,3246
10826,3247
1656,3248
8831,3249
11876,3250
2251,3251
5541,3252
11316,3253
12051,3254
1411,3255
501,3256
1691,3257
5051,3258
571,3259
11491,3260
1796,3261
7676,3262
9706,3263
3826,3264
2286,3265
221,3266
6591,3267
7361,3268
7151,3269
3616,3270
4316,3271
3861,3272
8726,3273
11911,3274
536,3275
3441,3276
8236,3277
11246,3278
9531,3279
151,3280
2986,3281
9671,3282
8166,3283
3966,3284
4631,3285
4666,3286
6941,3287
5156,3288
3931,3289
3476,3290
8061,3291
6486,3292
8306,3293
10196,3294
8971,3295
2636,3296
2881,3297
9181,3298
396,3299
1936,3300
2951,3301
10791,3302
1341,3303
6521,3304
7291,3305
4421,3306
9111,3307
11666,3308
256,3309
816,3310
6766,3311
3021,3312
2041,3313
4736,3314
9041,3315
5926,3316
1376,3317
8761,3318
9321,3319
9006,3320
4176,3321
7816,3322
9426,3323
11386,3324
8901,3325
9811,3326
46,3327
6136,3328
606,3329
3546,3330
9496,3331
12611,3332
10336,3333
4806,3334
5016,3335
8341,3336
7606,3337
5716,3338
5821,3339
1306,3340
3266,3341
8796,3342
6206,3343
8446,3344
6836,3345
8411,3346
9286,3347
2741,3348
8586,3349
2146,3350
5366,3351
1481,3352
11421,3353
6731,3354
2461,3355
5996,3356
4946,3357
7781,3358
8096,3359
6801,3360
4141,3361
7326,3362
4771,3363
9741,3364
5261,3365
7536,3366
10371,3367
9986,3368
1726,3369
5296,3370
6416,3371
7956,3372
1516,3373
7431,3374
10056,3375
10756,3376
10161,3377
9881,3378
11631,3379
921,3380
2426,3381
3406,3382
1131,3383
1236,3384
2566,3385
7571,3386
10231,3387
116,3388
11036,3389
4841,3390
6101,3391
6241,3392
7221,3393
4456,3394
9251,3395
4911,3396
11596,3397
6276,3398
991,3399
12261,3400
6626,3401
1761,3402
1201,3403
7011,3404
361,3405
4701,3406
2321,3407
7851,3408
7641,3409
6556,3410
2181,3411
6346,3412
5401,3413
1271,3414
10897,3415
2322,3416
9707,3417
8587,3418
12157,3419
3197,3420
4352,3421
6627,3422
7327,3423
7922,3424
4212,3425
11527,3426
9637,3427
9602,3428
12612,3429
4457,3430
957,3431
12507,3432
4107,3433
7782,3434
12,3435
7642,3436
712,3437
2427,3438
11317,3439
5087,3440
3967,3441
1097,3442
8167,3443
7432,3444
9217,3445
11247,3446
4667,3447
3932,3448
992,3449
5787,3450
5122,3451
7152,3452
1412,3453
8272,3454
6522,3455
5962,3456
9287,3457
10232,3458
11737,3459
7397,3460
677,3461
8902,3462
9357,3463
2602,3464
2672,3465
3302,3466
5577,3467
10057,3468
2882,3469
3477,3470
3022,3471
11912,3472
5507,3473
9322,3474
11282,3475
10827,3476
4527,3477
5542,3478
7957,3479
1202,3480
1272,3481
1062,3482
6207,3483
1377,3484
4877,3485
2392,3486
1622,3487
6032,3488
8937,3489
6347,3490
8377,3491
3442,3492
2987,3493
1937,3494
11002,3495
5717,3496
11212,3497
9952,3498
7502,3499
292,3500
12682,3501
222,3502
7817,3503
4947,3504
6662,3505
9182,3506
11107,3507
4387,3508
4002,3509
6942,3510
9462,3511
9007,3512
6767,3513
852,3514
4072,3515
10127,3516
3722,3517
467,3518
187,3519
2182,3520
397,3521
782,3522
2742,3523
3127,3524
6557,3525
6067,3526
4912,3527
7572,3528
6102,3529
4982,3530
4562,3531
4037,3532
1692,3533
5927,3534
9882,3535
2462,3536
3512,3537
6487,3538
9077,3539
3897,3540
6872,3541
9742,3542
5857,3543
8482,3544
11877,3545
8832,3546
11842,3547
2532,3548
817,3549
3827,3550
1237,3551
2077,3552
8027,3553
502,3554
12472,3555
8657,3556
10162,3557
11177,3558
10687,3559
12367,3560
12577,3561
2112,3562
2952,3563
5437,3564
5367,3565
152,3566
8132,3567
5157,3568
10792,3569
8762,3570
5297,3571
3267,3572
9672,3573
887,3574
9252,3575
12227,3576
1902,3577
6277,3578
4247,3579
5752,3580
7292,3581
1727,3582
2217,3583
7887,3584
11352,3585
1447,3586
1797,3587
8342,3588
1587,3589
10967,3590
11492,3591
572,3592
1762,3593
5612,3594
3372,3595
6592,3596
4142,3597
9147,3598
10617,3599
2847,3600
4422,3601
4737,3602
5262,3603
5332,3604
6837,3605
8552,3606
5472,3607
11387,3608
9042,3609
1132,3610
10862,3611
7222,3612
2637,3613
3232,3614
2707,3615
4772,3616
10477,3617
11562,3618
3652,3619
5647,3620
1867,3621
11457,3622
12332,3623
1972,3624
5892,3625
1167,3626
7677,3627
9497,3628
11072,3629
6802,3630
2917,3631
3757,3632
9987,3633
362,3634
2042,3635
5227,3636
2777,3637
8867,3638
9777,3639
7537,3640
5997,3641
2007,3642
7012,3643
2567,3644
7187,3645
4177,3646
5017,3647
47,3648
747,3649
11597,3650
1342,3651
922,3652
1657,3653
7992,3654
3582,3655
4317,3656
6137,3657
117,3658
1482,3659
8062,3660
7117,3661
6977,3662
4282,3663
9532,3664
11667,3665
5052,3666
3337,3667
537,3668
10547,3669
642,3670
4702,3671
4492,3672
2357,3673
5682,3674
9112,3675
1517,3676
2252,3677
2497,3678
3162,3679
2287,3680
6242,3681
8588,3682
7398,3683
10373,3684
9043,3685
7608,3686
1868,3687
2498,3688
4038,3689
8343,3690
4703,3691
2078,3692
8273,3693
9603,3694
2183,3695
5298,3696
4843,3697
2848,3698
3023,3699
5753,3700
4283,3701
5928,3702
6523,3703
11493,3704
10968,3705
11458,3706
5018,3707
1658,3708
12648,3709
6593,3710
1168,3711
9498,3712
2778,3713
5893,3714
12683,3715
3303,3716
1028,3717
10793,3718
2323,3719
4528,3720
1973,3721
3723,3722
6803,3723
11773,3724
293,3725
5228,3726
3583,3727
7958,3728
118,3729
6943,3730
10233,3731
7923,3732
9463,3733
12543,3734
3793,3735
1553,3736
363,3737
12368,3738
5088,3739
7048,3740
783,3741
9673,3742
5998,3743
2113,3744
4458,3745
1098,3746
4248,3747
4983,3748
3513,3749
5648,3750
4773,3751
4143,3752
8413,3753
11353,3754
12158,3755
11563,3756
1763,3757
5123,3758
2638,3759
7888,3760
11038,3761
5718,3762
83,3763
3338,3764
4633,3765
11003,3766
10863,3767
7678,3768
2568,3769
3163,3770
12053,3771
11213,3772
6208,3773
2708,3774
4178,3775
12578,3776
1903,3777
7118,3778
7713,3779
9848,3780
6663,3781
2008,3782
4353,3783
5788,3784
4388,3785
2043,3786
6243,3787
7818,3788
10338,3789
6103,3790
10478,3791
11808,3792
1238,3793
1693,3794
2673,3795
6068,3796
3478,3797
8938,3798
1273,3799
4948,3800
223,3801
5333,3802
3128,3803
5578,3804
8693,3805
10513,3806
6348,3807
8063,3808
9078,3809
4493,3810
5823,3811
5053,3812
3443,3813
3618,3814
7993,3815
2953,3816
9323,3817
3863,3818
9988,3819
9883,3820
4073,3821
153,3822
1518,3823
5613,3824
8028,3825
5158,3826
4108,3827
4563,3828
12263,3829
6383,3830
1448,3831
5858,3832
3408,3833
4318,3834
11318,3835
5543,3836
11948,3837
11423,3838
3093,3839
10898,3840
10443,3841
8483,3842
8168,3843
888,3844
4668,3845
1588,3846
12508,3847
9218,3848
9253,3849
2358,3850
3268,3851
713,3852
7188,3853
9428,3854
643,3855
4003,3856
2918,3857
2813,3858
6278,3859
8133,3860
10583,3861
9008,3862
3198,3863
5368,3864
608,3865
2603,3866
538,3867
1623,3868
503,3869
10688,3870
9393,3871
678,3872
9148,3873
7223,3874
7503,3875
7573,3876
3828,3877
993,3878
9288,3879
328,3880
6873,3881
3548,3882
8763,3883
398,3884
13,3885
1798,3886
3653,3887
6978,3888
9953,3889
2533,3890
2743,3891
7538,3892
4913,3893
5473,3894
9778,3895
1413,3896
2428,3897
923,3898
6628,3899
188,3900
2883,3901
748,3902
2463,3903
1343,3904
2393,3905
7293,3906
2988,3907
6558,3908
7643,3909
4598,3910
11248,3911
9358,3912
853,3913
5683,3914
2218,3915
9183,3916
10058,3917
3758,3918
1378,3919
9533,3920
1063,3921
1133,3922
48,3923
2253,3924
11073,3925
6138,3926
9113,3927
12088,3928
10548,3929
11738,3930
3373,3931
2148,3932
258,3933
3933,3934
4213,3935
6838,3936
11843,3937
4423,3938
7433,3939
8203,3940
6173,3941
2288,3942
9708,3943
6768,3944
573,3945
6488,3946
433,3947
8833,3948
6559,3949
4844,3950
574,3951
609,3952
5019,3953
2079,3954
4949,3955
9709,3956
10094,3957
5929,3958
9849,3959
3549,3960
1239,3961
14,3962
399,3963
1449,3964
8099,3965
6384,3966
10479,3967
3339,3968
3479,3969
7889,3970
679,3971
1414,3972
5089,3973
11354,3974
644,3975
6944,3976
4494,3977
539,3978
7154,3979
9394,3980
10584,3981
2814,3982
1274,3983
2254,3984
2989,3985
4354,3986
7294,3987
5229,3988
7714,3989
8589,3990
9499,3991
11879,3992
3024,3993
3129,3994
4144,3995
9324,3996
7609,3997
6314,3998
4004,3999
434,4000
11634,4001
1029,4002
3269,4003
5649,4004
10969,4005
5754,4006
4599,4007
4284,4008
4984,4009
2534,4010
9534,4011
3619,4012
784,4013
10374,4014
3899,4015
2709,4016
10514,4017
1519,4018
5719,4019
7819,4020
7189,4021
9989,4022
8239,4023
11179,4024
2639,4025
10199,4026
6244,4027
8274,4028
1869,4029
4249,4030
4424,4031
9779,4032
8204,4033
1344,4034
5999,4035
11704,4036
6874,4037
11424,4038
2604,4039
2464,4040
2499,4041
12369,4042
4319,4043
2009,4044
4774,4045
10444,4046
49,4047
1064,4048
7399,4049
854,4050
5614,4051
84,4052
7329,4053
1484,4054
3969,4055
5859,4056
2744,4057
11809,4058
5544,4059
329,4060
8869,4061
11389,4062
12579,4063
8624,4064
469,4065
7434,4066
3864,4067
9114,4068
2849,4069
889,4070
959,4071
8134,4072
259,4073
6069,4074
9009,4075
9254,4076
10899,4077
12019,4078
2394,4079
819,4080
7539,4081
9604,4082
5124,4083
9289,4084
6419,4085
9884,4086
1379,4087
9919,4088
6664,4089
5159,4090
6209,4091
4179,4092
5824,4093
4074,4094
7224,4095
7574,4096
9674,4097
5194,4098
11284,4099
10409,4100
3584,4101
2919,4102
4389,4103
3059,4104
8484,4105
8764,4106
11109,4107
9149,4108
6699,4109
224,4110
2149,4111
3514,4112
3794,4113
3164,4114
7469,4115
6629,4116
5964,4117
504,4118
1729,4119
2359,4120
1904,4121
1589,4122
5334,4123
8694,4124
994,4125
1974,4126
6034,4127
9079,4128
4564,4129
11774,4130
12474,4131
2429,4132
2184,4133
6489,4134
1659,4135
12229,4136
3829,4137
7364,4138
1624,4139
6139,4140
10129,4141
5789,4142
10339,4143
1134,4144
4109,4145
11844,4146
119,4147
189,4148
3374,4149
2044,4150
4634,4151
4529,4152
1694,4153
2569,4154
6979,4155
2779,4156
6769,4157
7644,4158
8169,4159
8344,4160
294,4161
8939,4162
3199,4163
2954,4164
4214,4165
154,4166
1764,4167
924,4168
7924,4169
9954,4170
5684,4171
9184,4172
2884,4173
6104,4174
6804,4175
714,4176
2114,4177
3444,4178
12649,4179
11564,4180
3724,4181
5054,4182
9359,4183
2324,4184
6349,4185
7049,4186
9044,4187
10234,4188
3689,4189
4459,4190
9219,4191
12439,4192
12159,4193
4669,4194
8834,4195
10794,4196
2674,4197
6594,4198
2289,4199
12544,4200
5579,4201
1799,4202
8414,4203
11669,4204
9569,4205
3934,4206
3654,4207
6839,4208
749,4209
11214,4210
7014,4211
4704,4212
11285,4213
7925,4214
9080,4215
4775,4216
10620,4217
1905,4218
1625,4219
4285,4220
5755,4221
4705,4222
4145,4223
7785,4224
5335,4225
11355,4226
8940,4227
4810,4228
11810,4229
2850,4230
3935,4231
6385,4232
4355,4233
7610,4234
10935,4235
2220,4236
8450,4237
9570,4238
3795,4239
10445,4240
3480,4241
330,4242
4530,4243
11495,4244
2010,4245
3130,4246
3165,4247
10340,4248
715,4249
3095,4250
6840,4251
7015,4252
4565,4253
11985,4254
8870,4255
1695,4256
9675,4257
3725,4258
5545,4259
4670,4260
2325,4261
2570,4262
6630,4263
11880,4264
6875,4265
5790,4266
6070,4267
5475,4268
2605,4269
1310,4270
4425,4271
855,4272
5860,4273
4215,4274
2955,4275
6560,4276
12405,4277
6035,4278
5090,4279
8065,4280
645,4281
1520,4282
3970,4283
6770,4284
7435,4285
6420,4286
2500,4287
7085,4288
7400,4289
11705,4290
1870,4291
1590,4292
6490,4293
11565,4294
10795,4295
1765,4296
505,4297
9220,4298
9465,4299
3550,4300
8275,4301
4495,4302
9640,4303
2360,4304
7820,4305
8590,4306
7120,4307
8485,4308
9850,4309
7050,4310
2710,4311
1940,4312
3445,4313
4635,4314
5160,4315
15,4316
5580,4317
470,4318
11075,4319
1800,4320
8345,4321
2255,4322
9500,4323
8170,4324
1345,4325
2185,4326
11110,4327
5195,4328
8555,4329
12440,4330
7190,4331
10235,4332
4740,4333
1030,4334
1660,4335
8765,4336
6350,4337
9115,4338
9885,4339
2885,4340
9780,4341
2535,4342
8835,4343
12230,4344
3585,4345
5825,4346
575,4347
7470,4348
6595,4349
820,4350
7365,4351
8135,4352
1100,4353
9955,4354
5055,4355
3340,4356
10375,4357
8100,4358
5685,4359
10760,4360
2780,4361
2920,4362
6280,4363
10410,4364
3060,4365
5230,4366
3305,4367
6140,4368
9010,4369
10550,4370
11635,4371
5720,4372
7330,4373
1555,4374
3690,4375
400,4376
5370,4377
10515,4378
3760,4379
4985,4380
1065,4381
9045,4382
6805,4383
7680,4384
9185,4385
2150,4386
120,4387
9290,4388
11320,4389
4915,4390
4250,4391
7890,4392
10830,4393
890,4394
4390,4395
1485,4396
4075,4397
11775,4398
5020,4399
12055,4400
4845,4401
3620,4402
9920,4403
6525,4404
2815,4405
1380,4406
4040,4407
3025,4408
3515,4409
4180,4410
12090,4411
10725,4412
85,4413
1975,4414
2080,4415
7715,4416
1450,4417
10970,4418
785,4419
9605,4420
6735,4421
9990,4422
225,4423
4320,4424
10130,4425
8625,4426
11145,4427
3410,4428
4880,4429
9255,4430
8205,4431
750,4432
3200,4433
12370,4434
610,4435
925,4436
50,4437
7645,4438
6945,4439
3865,4440
2640,4441
11180,4442
2290,4443
4950,4444
12650,4445
1275,4446
9535,4447
680,4448
3655,4449
4110,4450
5615,4451
5650,4452
9360,4453
4600,4454
6000,4455
1135,4456
540,4457
6105,4458
2395,4459
6245,4460
7995,4461
7260,4462
10165,4463
8240,4464
11670,4465
2990,4466
2045,4467
260,4468
995,4469
1170,4470
2465,4471
12545,4472
1205,4473
1730,4474
295,4475
8310,4476
7155,4477
3375,4478
9325,4479
11215,4480
960,4481
2115,4482
4005,4483
6175,4484
12580,4485
1835,4486
365,4487
155,4488
6246,4489
8486,4490
5301,4491
10901,4492
3621,4493
2466,4494
5371,4495
11321,4496
8801,4497
996,4498
4916,4499
1591,4500
1976,4501
9851,4502
1661,4503
9641,4504
4111,4505
2396,4506
4741,4507
926,4508
11741,4509
9361,4510
3271,4511
4846,4512
226,4513
1871,4514
8941,4515
9781,4516
3726,4517
6596,4518
576,4519
4601,4520
4811,4521
8066,4522
9326,4523
1416,4524
9466,4525
2921,4526
10586,4527
2851,4528
7716,4529
331,4530
4706,4531
3306,4532
9536,4533
9816,4534
5406,4535
10621,4536
366,4537
681,4538
6036,4539
9291,4540
2676,4541
12651,4542
646,4543
6631,4544
6386,4545
7261,4546
8556,4547
7611,4548
9956,4549
11076,4550
9606,4551
1031,4552
2116,4553
3831,4554
12476,4555
296,4556
1731,4557
1241,4558
1486,4559
7366,4560
9571,4561
1311,4562
4356,4563
1801,4564
7856,4565
3341,4566
5196,4567
11671,4568
11776,4569
12231,4570
7926,4571
191,4572
4216,4573
9221,4574
4251,4575
1101,4576
9116,4577
2536,4578
9501,4579
10236,4580
10201,4581
6806,4582
4321,4583
4531,4584
2011,4585
4391,4586
12021,4587
506,4588
1276,4589
4181,4590
3796,4591
11986,4592
5336,4593
1556,4594
2781,4595
12406,4596
3376,4597
12266,4598
401,4599
3026,4600
1941,4601
6421,4602
9921,4603
8871,4604
2326,4605
12371,4606
4286,4607
1696,4608
3411,4609
4426,4610
3516,4611
3901,4612
891,4613
7156,4614
6736,4615
6666,4616
10866,4617
11181,4618
3761,4619
1906,4620
8626,4621
12511,4622
2746,4623
8591,4624
6561,4625
8836,4626
961,4627
6176,4628
5826,4629
8451,4630
11356,4631
2991,4632
5721,4633
9991,4634
6981,4635
10796,4636
5091,4637
5021,4638
3201,4639
4041,4640
8136,4641
3446,4642
1451,4643
1171,4644
12126,4645
7996,4646
3936,4647
611,4648
4076,4649
2256,4650
10971,4651
2886,4652
1626,4653
2956,4654
11566,4655
8241,4656
5756,4657
8766,4658
11706,4659
4776,4660
7401,4661
11111,4662
3481,4663
2816,4664
6876,4665
6281,4666
3061,4667
261,4668
7786,4669
4461,4670
1346,4671
6841,4672
12161,4673
11811,4674
6526,4675
471,4676
2361,4677
5161,4678
6141,4679
5861,4680
2606,4681
3131,4682
6001,4683
10166,4684
3096,4685
3656,4686
7331,4687
86,4688
9711,4689
9886,4690
4881,4691
2186,4692
5686,4693
10131,4694
5546,4695
7086,4696
16,4697
6316,4698
156,4699
2641,4700
2291,4701
7436,4702
5476,4703
4496,4704
8276,4705
10691,4706
1206,4707
2046,4708
8731,4709
51,4710
5616,4711
8206,4712
6106,4713
7541,4714
10061,4715
1066,4716
5231,4717
716,4718
9011,4719
821,4720
12301,4721
2501,4722
6071,4723
10411,4724
3971,4725
10516,4726
7646,4727
7821,4728
9676,4729
8311,4730
4636,4731
3166,4732
7891,4733
2571,4734
9046,4735
2711,4736
10446,4737
4986,4738
6491,4739
1521,4740
10096,4741
6946,4742
7471,4743
5791,4744
7121,4745
10551,4746
6771,4747
2151,4748
3691,4749
7191,4750
3586,4751
7997,4752
5197,4753
11602,4754
5477,4755
1277,4756
4567,4757
297,4758
2327,4759
5127,4760
3272,4761
752,4762
9607,4763
2677,4764
1907,4765
11847,4766
10412,4767
2957,4768
5022,4769
6772,4770
10937,4771
11357,4772
3517,4773
4392,4774
12372,4775
9187,4776
5162,4777
12652,4778
17,4779
12407,4780
8312,4781
4077,4782
5722,4783
8452,4784
9222,4785
1242,4786
9817,4787
192,4788
2362,4789
6422,4790
4287,4791
9327,4792
12127,4793
367,4794
577,4795
10342,4796
1872,4797
2852,4798
2397,4799
11812,4800
3727,4801
8872,4802
6842,4803
1732,4804
3937,4805
3657,4806
10552,4807
9292,4808
2502,4809
2572,4810
11217,4811
6282,4812
4812,4813
2712,4814
2607,4815
11392,4816
11987,4817
8522,4818
11287,4819
6667,4820
4882,4821
9012,4822
2747,4823
7367,4824
9642,4825
5337,4826
4357,4827
6002,4828
3692,4829
9467,4830
8242,4831
9047,4832
8592,4833
12267,4834
12687,4835
3412,4836
962,4837
1942,4838
10132,4839
8032,4840
822,4841
5617,4842
6527,4843
647,4844
1592,4845
11952,4846
5932,4847
10622,4848
5267,4849
8662,4850
9782,4851
3167,4852
8767,4853
472,4854
4742,4855
5687,4856
6562,4857
3097,4858
2642,4859
997,4860
8487,4861
10587,4862
1382,4863
9362,4864
8137,4865
3447,4866
9992,4867
10447,4868
122,4869
5862,4870
4217,4871
9572,4872
717,4873
7717,4874
6982,4875
9677,4876
3132,4877
10972,4878
7227,4879
10902,4880
7822,4881
8067,4882
227,4883
3552,4884
1837,4885
1977,4886
10727,4887
8207,4888
4112,4889
11777,4890
1172,4891
6037,4892
2187,4893
7542,4894
11322,4895
12162,4896
2537,4897
1767,4898
7962,4899
9082,4900
2782,4901
4707,4902
1067,4903
6597,4904
5792,4905
6352,4906
11427,4907
892,4908
2292,4909
6632,4910
157,4911
5547,4912
682,4913
8277,4914
9537,4915
2047,4916
3832,4917
7682,4918
3377,4919
10307,4920
7402,4921
9922,4922
1627,4923
5372,4924
9257,4925
3342,4926
10657,4927
9747,4928
12232,4929
9712,4930
612,4931
10797,4932
2817,4933
8102,4934
6177,4935
4672,4936
1032,4937
1452,4938
3062,4939
9502,4940
2887,4941
4462,4942
8942,4943
2257,4944
6072,4945
3307,4946
6317,4947
3902,4948
6947,4949
4042,4950
10062,4951
10517,4952
6107,4953
10027,4954
1102,4955
2992,4956
7437,4957
6807,4958
9887,4959
12057,4960
7787,4961
3202,4962
5827,4963
52,4964
7612,4965
5092,4966
10867,4967
927,4968
4147,4969
2012,4970
1347,4971
5057,4972
4252,4973
6387,4974
7857,4975
1697,4976
2922,4977
262,4978
8977,4979
4987,4980
11042,4981
2467,4982
5232,4983
7087,4984
3867,4985
4917,4986
12582,4987
10762,4988
3797,4989
7157,4990
4497,4991
11077,4992
1417,4993
4532,4994
11007,4995
9957,4996
12197,4997
8627,4998
3972,4999
3027,5000
5582,5001
7892,5002
4637,5003
7472,5004
7192,5005
8802,5006
12022,5007
1557,5008
2082,5009
4602,5010
5757,5011
7122,5012
8837,5013
6492,5014
9117,5015
3482,5016
7647,5017
4427,5018
6877,5019
6247,5020
8732,5021
542,5022
893,5023
3588,5024
5513,5025
6248,5026
8173,5027
3798,5028
4848,5029
5338,5030
10868,5031
6388,5032
2573,5033
9013,5034
8978,5035
10938,5036
5618,5037
2643,5038
10413,5039
473,5040
7963,5041
4288,5042
5198,5043
10098,5044
2013,5045
11883,5046
2958,5047
7788,5048
9993,5049
1418,5050
12443,5051
4078,5052
3973,5053
11323,5054
543,5055
4778,5056
7718,5057
5023,5058
11673,5059
2468,5060
228,5061
4673,5062
3518,5063
8873,5064
9328,5065
3063,5066
11253,5067
7998,5068
7928,5069
6528,5070
2608,5071
7123,5072
9958,5073
2853,5074
5303,5075
3938,5076
7613,5077
1838,5078
3903,5079
5653,5080
6178,5081
1908,5082
7368,5083
1348,5084
3693,5085
8278,5086
5163,5087
858,5088
5093,5089
11148,5090
2083,5091
5583,5092
9118,5093
11008,5094
8208,5095
3273,5096
1068,5097
4043,5098
9048,5099
2818,5100
1768,5101
5373,5102
6598,5103
7648,5104
6073,5105
8628,5106
1873,5107
3378,5108
4218,5109
8733,5110
263,5111
5863,5112
6563,5113
1383,5114
1033,5115
7473,5116
4988,5117
5793,5118
1943,5119
10448,5120
1558,5121
7543,5122
8453,5123
8313,5124
5058,5125
12408,5126
3623,5127
12373,5128
2748,5129
4918,5130
1698,5131
8348,5132
6983,5133
7018,5134
9503,5135
6423,5136
10903,5137
10833,5138
823,5139
2923,5140
9433,5141
3343,5142
8803,5143
8138,5144
438,5145
9538,5146
6493,5147
1453,5148
3413,5149
5688,5150
5478,5151
6108,5152
9713,5153
9923,5154
9363,5155
10028,5156
11288,5157
2398,5158
3868,5159
10483,5160
4148,5161
9083,5162
12058,5163
4743,5164
193,5165
1208,5166
3833,5167
6668,5168
9223,5169
6213,5170
11603,5171
3728,5172
10553,5173
368,5174
9468,5175
683,5176
10203,5177
8943,5178
11743,5179
4498,5180
998,5181
11078,5182
11183,5183
7088,5184
8663,5185
718,5186
8068,5187
2888,5188
4883,5189
9608,5190
12338,5191
3448,5192
5548,5193
1173,5194
4358,5195
9398,5196
11568,5197
53,5198
12023,5199
4603,5200
333,5201
5828,5202
578,5203
8033,5204
613,5205
5233,5206
2993,5207
2713,5208
3553,5209
6038,5210
6318,5211
9678,5212
7858,5213
12268,5214
6283,5215
1243,5216
8103,5217
1313,5218
10063,5219
10308,5220
9188,5221
123,5222
6878,5223
8243,5224
5758,5225
2783,5226
11218,5227
4253,5228
9748,5229
1138,5230
7823,5231
3763,5232
298,5233
1278,5234
3308,5235
2538,5236
6808,5237
648,5238
10658,5239
8768,5240
2153,5241
7158,5242
7438,5243
11813,5244
11428,5245
1978,5246
928,5247
1628,5248
7228,5249
12163,5250
9853,5251
7403,5252
10728,5253
11988,5254
12233,5255
9293,5256
4533,5257
1733,5258
508,5259
5268,5260
1593,5261
6948,5262
10588,5263
9258,5264
12548,5265
12583,5266
10693,5267
4463,5268
4113,5269
3133,5270
4953,5271
6773,5272
4428,5273
11113,5274
4568,5275
7893,5276
8523,5277
2048,5278
9643,5279
753,5280
6003,5281
10973,5282
11393,5283
7683,5284
6458,5285
5723,5286
3483,5287
4708,5288
4323,5289
7193,5290
8488,5291
5128,5292
12688,5293
6843,5294
5443,5295
3028,5296
11533,5297
11848,5298
3098,5299
3203,5300
8383,5301
7333,5302
19,5303
3764,5304
9119,5305
3274,5306
1734,5307
12094,5308
1314,5309
5759,5310
5584,5311
7509,5312
10274,5313
12339,5314
8769,5315
5304,5316
8839,5317
10659,5318
964,5319
7299,5320
9049,5321
5934,5322
5969,5323
2049,5324
4324,5325
4884,5326
859,5327
2714,5328
9399,5329
2854,5330
6319,5331
299,5332
1419,5333
1769,5334
2119,5335
9189,5336
7474,5337
509,5338
8489,5339
1139,5340
6039,5341
5269,5342
6984,5343
7369,5344
10064,5345
2644,5346
5619,5347
12689,5348
5514,5349
1839,5350
3449,5351
11149,5352
544,5353
6459,5354
194,5355
2084,5356
5094,5357
3729,5358
9014,5359
10029,5360
10554,5361
12444,5362
3659,5363
8734,5364
9154,5365
1594,5366
1069,5367
4849,5368
10729,5369
9084,5370
8349,5371
2749,5372
3939,5373
6144,5374
7719,5375
929,5376
5479,5377
6249,5378
9644,5379
229,5380
2784,5381
8664,5382
9364,5383
9469,5384
11569,5385
2399,5386
8909,5387
894,5388
754,5389
7964,5390
11954,5391
4674,5392
7019,5393
6949,5394
1629,5395
12654,5396
2469,5397
8279,5398
8069,5399
11639,5400
8524,5401
3974,5402
10589,5403
7894,5404
824,5405
1279,5406
7789,5407
1944,5408
404,5409
1909,5410
2924,5411
6074,5412
3309,5413
3484,5414
4814,5415
8034,5416
3169,5417
5689,5418
7334,5419
11709,5420
11849,5421
9504,5422
3904,5423
10344,5424
8384,5425
10414,5426
8104,5427
1699,5428
1244,5429
2539,5430
2679,5431
124,5432
6739,5433
9574,5434
2889,5435
9924,5436
10449,5437
579,5438
4394,5439
2994,5440
1209,5441
2294,5442
8874,5443
7579,5444
10204,5445
4429,5446
684,5447
439,5448
4604,5449
7859,5450
6844,5451
9259,5452
7089,5453
4044,5454
4499,5455
8804,5456
474,5457
5409,5458
8979,5459
3379,5460
7124,5461
8454,5462
12234,5463
6109,5464
8139,5465
7929,5466
1454,5467
1349,5468
5234,5469
7824,5470
3239,5471
9679,5472
6669,5473
10904,5474
9294,5475
2364,5476
10519,5477
2819,5478
1034,5479
4989,5480
12409,5481
5129,5482
334,5483
1174,5484
12619,5485
9749,5486
7649,5487
7614,5488
2014,5489
614,5490
4569,5491
7439,5492
6564,5493
6424,5494
4919,5495
1874,5496
6599,5497
9819,5498
7404,5499
10974,5500
3064,5501
3799,5502
6529,5503
264,5504
1979,5505
4464,5506
4009,5507
9539,5508
1559,5509
789,5510
5374,5511
5549,5512
3414,5513
4954,5514
3344,5515
5864,5516
9224,5517
11534,5518
5024,5519
4079,5520
5059,5521
2959,5522
3099,5523
11779,5524
54,5525
11254,5526
8629,5527
11289,5528
2574,5529
6284,5530
6879,5531
10939,5532
9434,5533
10309,5534
9784,5535
8944,5536
6809,5537
4254,5538
6214,5539
7229,5540
999,5541
6494,5542
4709,5543
4184,5544
159,5545
1384,5546
4289,5547
8314,5548
10099,5549
4219,5550
10834,5551
5829,5552
11394,5553
6179,5554
10134,5555
12059,5556
3519,5557
7684,5558
2329,5559
7999,5560
6004,5561
3554,5562
5164,5563
6389,5564
6704,5565
4149,5566
11429,5567
2504,5568
3694,5569
7159,5570
8594,5571
12164,5572
7544,5573
9329,5574
3624,5575
10624,5576
2154,5577
6354,5578
8174,5579
12374,5580
5444,5581
7194,5582
11219,5583
5654,5584
5724,5585
11604,5586
9785,5587
3275,5588
8770,5589
6810,5590
1525,5591
12340,5592
860,5593
7125,5594
1350,5595
8385,5596
1840,5597
7020,5598
8315,5599
11395,5600
5865,5601
9330,5602
7195,5603
8280,5604
10065,5605
10100,5606
6460,5607
9820,5608
2715,5609
4780,5610
7615,5611
755,5612
2750,5613
4605,5614
8245,5615
11570,5616
9890,5617
9085,5618
160,5619
12655,5620
11255,5621
2960,5622
3240,5623
8665,5624
9680,5625
5200,5626
300,5627
4255,5628
4290,5629
6880,5630
6950,5631
7895,5632
3170,5633
12585,5634
5550,5635
5585,5636
1630,5637
1315,5638
1875,5639
5480,5640
3905,5641
4325,5642
6425,5643
1980,5644
9155,5645
1910,5646
4045,5647
2540,5648
1280,5649
6005,5650
10450,5651
6075,5652
4430,5653
12620,5654
12060,5655
6110,5656
11045,5657
4710,5658
2330,5659
7930,5660
4535,5661
6215,5662
12165,5663
9540,5664
9400,5665
1945,5666
5655,5667
4500,5668
10625,5669
11990,5670
11010,5671
3730,5672
2085,5673
6390,5674
6565,5675
2820,5676
5025,5677
8455,5678
7545,5679
3345,5680
3765,5681
6250,5682
8490,5683
4465,5684
5410,5685
8070,5686
11605,5687
8840,5688
12235,5689
9050,5690
2155,5691
3555,5692
2925,5693
3695,5694
8945,5695
1770,5696
7265,5697
2015,5698
11780,5699
11080,5700
5935,5701
1420,5702
3520,5703
7160,5704
11850,5705
1035,5706
7335,5707
8735,5708
5725,5709
615,5710
6740,5711
1210,5712
10730,5713
9470,5714
4815,5715
5270,5716
440,5717
6845,5718
9575,5719
10415,5720
8910,5721
265,5722
5445,5723
10520,5724
650,5725
9750,5726
4150,5727
125,5728
3940,5729
685,5730
7090,5731
510,5732
9995,5733
9190,5734
7860,5735
8595,5736
10660,5737
6180,5738
6670,5739
8420,5740
9365,5741
11815,5742
90,5743
2295,5744
8875,5745
20,5746
8630,5747
10310,5748
10345,5749
6600,5750
7790,5751
6495,5752
9435,5753
4185,5754
3975,5755
7825,5756
12375,5757
12690,5758
4570,5759
5165,5760
545,5761
1175,5762
4640,5763
1245,5764
11220,5765
8525,5766
3800,5767
790,5768
4850,5769
2050,5770
7230,5771
825,5772
1140,5773
8000,5774
2365,5775
9295,5776
405,5777
7475,5778
5235,5779
9855,5780
10030,5781
1000,5782
3870,5783
5515,5784
9960,5785
8175,5786
475,5787
230,5788
2400,5789
9925,5790
8350,5791
7650,5792
8980,5793
55,5794
3310,5795
6705,5796
1455,5797
3660,5798
5375,5799
8105,5800
9260,5801
5830,5802
4955,5803
1735,5804
4220,5805
6040,5806
5060,5807
2645,5808
7965,5809
11290,5810
2995,5811
6320,5812
7440,5813
7370,5814
4990,5815
6355,5816
2190,5817
9610,5818
2890,5819
3380,5820
11150,5821
9645,5822
2120,5823
1385,5824
7300,5825
10275,5826
10835,5827
965,5828
1595,5829
8805,5830
2435,5831
895,5832
1105,5833
2260,5834
3415,5835
2505,5836
2855,5837
3065,5838
4360,5839
5130,5840
335,5841
4885,5842
5340,5843
6985,5844
4675,5845
10170,5846
7405,5847
580,5848
8560,5849
4010,5850
10205,5851
11011,5852
5586,5853
11466,5854
3871,5855
3066,5856
11921,5857
1421,5858
2436,5859
9471,5860
1036,5861
1211,5862
11851,5863
1666,5864
8911,5865
8491,5866
6181,5867
11291,5868
5866,5869
2121,5870
2051,5871
4501,5872
8071,5873
2331,5874
3836,5875
1876,5876
2261,5877
12061,5878
3311,5879
8281,5880
2506,5881
7161,5882
2471,5883
1246,5884
2716,5885
10661,5886
21,5887
721,5888
4151,5889
3416,5890
2751,5891
8561,5892
6951,5893
6216,5894
4116,5895
9856,5896
9051,5897
7301,5898
8841,5899
10731,5900
8736,5901
1631,5902
2541,5903
5796,5904
8946,5905
10346,5906
126,5907
6006,5908
3171,5909
9646,5910
4221,5911
4711,5912
4256,5913
11396,5914
6706,5915
1386,5916
8001,5917
2226,5918
196,5919
2156,5920
3591,5921
1176,5922
8386,5923
3556,5924
9191,5925
5481,5926
231,5927
476,5928
1316,5929
3486,5930
4046,5931
3976,5932
7336,5933
6251,5934
161,5935
7581,5936
266,5937
11326,5938
336,5939
1946,5940
5236,5941
4466,5942
4606,5943
11816,5944
7931,5945
9331,5946
2926,5947
6916,5948
6671,5949
9786,5950
546,5951
9611,5952
2856,5953
9366,5954
1526,5955
651,5956
4886,5957
3136,5958
7231,5959
3031,5960
3241,5961
3381,5962
56,5963
6076,5964
4291,5965
9016,5966
9716,5967
9261,5968
441,5969
8106,5970
10416,5971
8351,5972
3451,5973
5166,5974
10556,5975
9086,5976
5831,5977
8456,5978
371,5979
9961,5980
7686,5981
12236,5982
5026,5983
2366,5984
7476,5985
5691,5986
1351,5987
3276,5988
6496,5989
5131,5990
11256,5991
5306,5992
9436,5993
8211,5994
7441,5995
10836,5996
4571,5997
3696,5998
2961,5999
3731,6000
7826,6001
5656,6002
11956,6003
5726,6004
12621,6005
9996,6006
9821,6007
6461,6008
4361,6009
1771,6010
6426,6011
9751,6012
7616,6013
7721,6014
5061,6015
7021,6016
1141,6017
7966,6018
8631,6019
406,6020
8981,6021
3101,6022
1281,6023
1106,6024
6146,6025
6566,6026
4396,6027
4186,6028
10276,6029
11641,6030
616,6031
12446,6032
5971,6033
1806,6034
3521,6035
1491,6036
6811,6037
7791,6038
7511,6039
11991,6040
10486,6041
1456,6042
6601,6043
11746,6044
11186,6045
7126,6046
4851,6047
6321,6048
2401,6049
7896,6050
91,6051
4011,6052
5621,6053
12131,6054
511,6055
12586,6056
7861,6057
4641,6058
5271,6059
686,6060
10171,6061
1071,6062
9296,6063
2296,6064
7651,6065
4536,6066
10521,6067
3626,6068
5446,6069
2891,6070
11781,6071
10801,6072
6041,6073
10311,6074
1001,6075
1981,6076
966,6077
301,6078
7091,6079
8771,6080
2821,6081
5201,6082
2576,6083
3346,6084
3906,6085
5516,6086
7266,6087
8806,6088
8666,6089
3941,6090
9401,6091
9541,6092
10451,6093
10381,6094
12691,6095
2646,6096
7546,6097
9576,6098
8316,6099
6391,6100
1841,6101
2681,6102
9891,6103
4326,6104
2191,6105
4991,6106
7406,6107
8141,6108
1561,6109
11431,6110
10206,6111
5936,6112
1002,6113
11187,6114
2227,6115
2647,6116
7932,6117
7722,6118
582,6119
7302,6120
1527,6121
5237,6122
5342,6123
9472,6124
9962,6125
3837,6126
3137,6127
3942,6128
4432,6129
8212,6130
11852,6131
302,6132
11537,6133
5202,6134
6392,6135
2437,6136
8072,6137
8982,6138
10837,6139
7407,6140
6322,6141
1807,6142
4992,6143
5587,6144
2892,6145
3382,6146
9122,6147
11082,6148
1352,6149
10312,6150
11397,6151
1702,6152
10732,6153
1282,6154
512,6155
5447,6156
10137,6157
9892,6158
5832,6159
8387,6160
10347,6161
8422,6162
9647,6163
10172,6164
4327,6165
22,6166
4222,6167
11432,6168
3277,6169
9857,6170
6812,6171
6987,6172
3872,6173
5622,6174
4642,6175
10207,6176
1422,6177
8807,6178
1632,6179
9997,6180
3032,6181
7232,6182
897,6183
3487,6184
2717,6185
547,6186
2052,6187
2192,6188
722,6189
8912,6190
5867,6191
1842,6192
8177,6193
2857,6194
9052,6195
10417,6196
7897,6197
4397,6198
10802,6199
5727,6200
6042,6201
7127,6202
8737,6203
5377,6204
9087,6205
6917,6206
127,6207
1912,6208
92,6209
5482,6210
7862,6211
57,6212
1597,6213
6427,6214
3347,6215
9717,6216
7442,6217
6007,6218
2787,6219
827,6220
11817,6221
4047,6222
11712,6223
5972,6224
5307,6225
10627,6226
2402,6227
10942,6228
2822,6229
1317,6230
10067,6231
3697,6232
652,6233
5797,6234
12692,6235
8492,6236
2682,6237
8632,6238
3977,6239
4572,6240
8247,6241
9297,6242
4887,6243
2542,6244
11992,6245
3172,6246
10382,6247
4187,6248
4152,6249
1142,6250
8947,6251
7547,6252
9367,6253
6707,6254
4852,6255
4537,6256
10522,6257
7687,6258
12482,6259
12132,6260
6147,6261
7267,6262
11327,6263
1072,6264
372,6265
9752,6266
11957,6267
3242,6268
1037,6269
1247,6270
3592,6271
2577,6272
267,6273
1772,6274
7057,6275
6112,6276
6182,6277
3452,6278
10557,6279
1947,6280
4677,6281
2927,6282
7337,6283
4607,6284
3417,6285
8667,6286
7967,6287
7477,6288
162,6289
6252,6290
9822,6291
3102,6292
7617,6293
12062,6294
1667,6295
6567,6296
4292,6297
11887,6298
6462,6299
2122,6300
6672,6301
6497,6302
9787,6303
9927,6304
617,6305
2332,6306
5552,6307
9157,6308
6742,6309
9402,6310
8107,6311
2472,6312
10977,6313
4082,6314
11467,6315
11747,6316
11642,6317
442,6318
8457,6319
3067,6320
3522,6321
8877,6322
10592,6323
7092,6324
2087,6325
7827,6326
2507,6327
11607,6328
477,6329
1982,6330
8142,6331
12447,6332
4502,6333
5167,6334
6602,6335
9542,6336
5692,6337
792,6338
6952,6339
2262,6340
8002,6341
3312,6342
862,6343
5272,6344
9332,6345
8317,6346
7022,6347
1457,6348
12517,6349
8352,6350
8562,6351
7372,6352
9507,6353
687,6354
2367,6355
10452,6356
5062,6357
232,6358
2612,6359
1387,6360
9017,6361
3627,6362
2297,6363
4257,6364
11922,6365
1212,6366
9577,6367
9612,6368
11152,6369
2752,6370
4712,6371
1877,6372
7792,6373
8597,6374
5517,6375
12412,6376
11012,6377
6217,6378
5027,6379
9262,6380
9192,6381
7652,6382
7512,6383
4118,6384
723,6385
11608,6386
373,6387
408,6388
7023,6389
5448,6390
933,6391
7443,6392
9823,6393
7478,6394
1528,6395
828,6396
2858,6397
303,6398
7163,6399
8143,6400
1073,6401
1318,6402
8808,6403
7688,6404
10418,6405
6218,6406
11258,6407
11153,6408
5413,6409
6568,6410
3383,6411
6673,6412
4643,6413
12448,6414
6043,6415
2823,6416
2893,6417
4363,6418
6953,6419
8913,6420
11118,6421
1668,6422
7128,6423
5728,6424
1003,6425
9088,6426
8003,6427
6113,6428
9368,6429
6008,6430
548,6431
5973,6432
9438,6433
3208,6434
758,6435
93,6436
2053,6437
7828,6438
6393,6439
3698,6440
1808,6441
2298,6442
11678,6443
10558,6444
58,6445
198,6446
8633,6447
8703,6448
2718,6449
3523,6450
9613,6451
2963,6452
898,6453
1773,6454
9893,6455
12238,6456
7933,6457
2123,6458
5833,6459
8493,6460
9858,6461
5378,6462
8843,6463
10628,6464
8178,6465
793,6466
3348,6467
6183,6468
1563,6469
8773,6470
2263,6471
3593,6472
4188,6473
8388,6474
10768,6475
3313,6476
11538,6477
2508,6478
6743,6479
10348,6480
10698,6481
4853,6482
10873,6483
3418,6484
9298,6485
2403,6486
2088,6487
4083,6488
2333,6489
10138,6490
7093,6491
3873,6492
10313,6493
863,6494
4713,6495
1983,6496
1843,6497
3103,6498
8248,6499
5273,6500
11468,6501
6498,6502
9648,6503
9053,6504
3278,6505
4503,6506
4048,6507
3243,6508
11748,6509
8318,6510
12028,6511
4678,6512
2438,6513
5798,6514
3943,6515
618,6516
9578,6517
2193,6518
7723,6519
7233,6520
7898,6521
5308,6522
9473,6523
5483,6524
10033,6525
4993,6526
2578,6527
4293,6528
1388,6529
1738,6530
3488,6531
7058,6532
11958,6533
513,6534
3908,6535
2683,6536
2753,6537
4223,6538
8353,6539
5343,6540
11013,6541
8948,6542
12168,6543
9263,6544
9193,6545
4433,6546
5063,6547
10383,6548
6533,6549
8213,6550
268,6551
5518,6552
8668,6553
7863,6554
8073,6555
2368,6556
583,6557
9788,6558
4398,6559
4608,6560
1283,6561
1598,6562
7303,6563
2613,6564
4538,6565
3978,6566
1458,6567
4258,6568
4748,6569
9333,6570
9963,6571
8563,6572
1213,6573
3628,6574
8038,6575
8983,6576
12343,6577
23,6578
5028,6579
5238,6580
10978,6581
11853,6582
5553,6583
10103,6584
9998,6585
7653,6586
5623,6587
11048,6588
4818,6589
11713,6590
1878,6591
10068,6592
2928,6593
11363,6594
5903,6595
11993,6596
653,6597
5763,6598
5693,6599
6918,6600
1038,6601
7968,6602
1633,6603
6078,6604
4468,6605
10733,6606
2998,6607
3173,6608
3768,6609
9543,6610
1913,6611
12693,6612
8283,6613
9683,6614
6428,6615
1108,6616
8878,6617
1493,6618
1703,6619
7268,6620
6323,6621
9508,6622
6463,6623
11573,6624
8458,6625
2228,6626
4328,6627
11433,6628
6288,6629
10838,6630
5658,6631
11923,6632
128,6633
7373,6634
3453,6635
8598,6636
6708,6637
233,6638
3033,6639
4888,6640
8423,6641
3733,6642
8738,6643
6603,6644
1143,6645
8108,6646
5168,6647
10173,6648
163,6649
6253,6650
10593,6651
2788,6652
4573,6653
478,6654
9018,6655
7408,6656
1248,6657
5203,6658
3558,6659
9439,6660
11784,6661
7759,6662
12029,6663
10174,6664
5134,6665
7619,6666
2054,6667
3209,6668
4714,6669
11434,6670
4014,6671
12344,6672
8074,6673
4399,6674
24,6675
3314,6676
4679,6677
1494,6678
8809,6679
6219,6680
3174,6681
514,6682
934,6683
1739,6684
2334,6685
3594,6686
4434,6687
4224,6688
94,6689
6884,6690
4469,6691
5379,6692
1669,6693
12099,6694
8599,6695
11119,6696
1284,6697
11609,6698
4574,6699
5834,6700
1809,6701
10979,6702
8844,6703
59,6704
2299,6705
3839,6706
4539,6707
6989,6708
7409,6709
3559,6710
2194,6711
3979,6712
5869,6713
9754,6714
8109,6715
8949,6716
11084,6717
9194,6718
7444,6719
4364,6720
4329,6721
5554,6722
4994,6723
8144,6724
9334,6725
11819,6726
7234,6727
12204,6728
2159,6729
8249,6730
6919,6731
9264,6732
2894,6733
11959,6734
6114,6735
1144,6736
10839,6737
9544,6738
4504,6739
9859,6740
10524,6741
10804,6742
6709,6743
6009,6744
7024,6745
2089,6746
4049,6747
1879,6748
4889,6749
5694,6750
654,6751
11259,6752
3734,6753
6254,6754
6184,6755
5729,6756
7864,6757
2964,6758
1984,6759
7934,6760
9929,6761
8984,6762
6534,6763
1599,6764
1529,6765
2439,6766
1949,6767
8039,6768
8459,6769
1634,6770
5624,6771
1459,6772
1844,6773
3489,6774
6674,6775
6954,6776
2649,6777
7514,6778
164,6779
479,6780
759,6781
3384,6782
794,6783
12589,6784
8354,6785
1774,6786
7724,6787
3034,6788
5414,6789
9789,6790
10069,6791
1319,6792
9089,6793
12694,6794
11469,6795
10349,6796
3454,6797
2684,6798
8739,6799
6779,6800
7479,6801
2229,6802
4189,6803
1179,6804
9404,6805
10594,6806
11329,6807
6149,6808
7584,6809
1074,6810
8214,6811
10419,6812
3944,6813
4819,6814
2614,6815
5659,6816
7059,6817
5974,6818
11854,6819
4749,6820
969,6821
864,6822
1389,6823
1704,6824
6289,6825
8179,6826
199,6827
7549,6828
269,6829
3279,6830
7899,6831
10454,6832
1214,6833
6499,6834
3104,6835
409,6836
7304,6837
4294,6838
11154,6839
10384,6840
4609,6841
9614,6842
9509,6843
2719,6844
11364,6845
12274,6846
2789,6847
7689,6848
7129,6849
10874,6850
584,6851
3349,6852
3804,6853
7339,6854
8669,6855
6464,6856
9159,6857
9894,6858
2859,6859
1109,6860
5764,6861
5239,6862
304,6863
5344,6864
9999,6865
11994,6866
2999,6867
2369,6868
5274,6869
9964,6870
10279,6871
7269,6872
1039,6873
619,6874
6394,6875
3629,6876
11224,6877
12239,6878
9054,6879
6324,6880
8774,6881
7829,6882
10944,6883
12519,6884
6429,6885
2824,6886
549,6887
8424,6888
8389,6889
10734,6890
9649,6891
7969,6892
2124,6893
5799,6894
5904,6895
3909,6896
8319,6897
6044,6898
9684,6899
689,6900
1354,6901
5589,6902
6639,6903
7094,6904
5064,6905
7164,6906
3699,6907
2404,6908
3244,6909
4854,6910
724,6911
2509,6912
9579,6913
4084,6914
6604,6915
374,6916
899,6917
9299,6918
10559,6919
829,6920
3419,6921
4644,6922
9719,6923
8494,6924
2264,6925
1249,6926
12309,6927
3769,6928
10769,6929
12449,6930
1914,6931
5519,6932
8914,6933
4119,6934
8634,6935
5029,6936
4259,6937
234,6938
2579,6939
7374,6940
6569,6941
3524,6942
4540,6943
3455,6944
8915,6945
3630,6946
340,6947
3875,6948
130,6949
3315,6950
5695,6951
5905,6952
795,6953
7935,6954
7515,6955
4960,6956
8565,6957
1355,6958
4645,6959
1740,6960
235,6961
1040,6962
6290,6963
4295,6964
7095,6965
9755,6966
4610,6967
2405,6968
8390,6969
2510,6970
2160,6971
6955,6972
10175,6973
5660,6974
6220,6975
10385,6976
6780,6977
4260,6978
7025,6979
2335,6980
5625,6981
7900,6982
10280,6983
7200,6984
9370,6985
12310,6986
5345,6987
6255,6988
7865,6989
5590,6990
9335,6991
11155,6992
6465,6993
3420,6994
6605,6995
1390,6996
8810,6997
6430,6998
1600,6999
4120,7000
5135,7001
2195,7002
5275,7003
515,7004
3385,7005
8215,7006
4190,7007
2895,7008
9125,7009
5485,7010
165,7011
5520,7012
1250,7013
5100,7014
5730,7015
3945,7016
6395,7017
8110,7018
8985,7019
2685,7020
9790,7021
9930,7022
1005,7023
11260,7024
11295,7025
10490,7026
1075,7027
1950,7028
4750,7029
1670,7030
7165,7031
3350,7032
4400,7033
7375,7034
8075,7035
1635,7036
10000,7037
12590,7038
375,7039
10455,7040
7060,7041
7235,7042
2965,7043
2580,7044
2825,7045
1320,7046
1810,7047
3105,7048
6325,7049
655,7050
2370,7051
2090,7052
8320,7053
2615,7054
3070,7055
6920,7056
5450,7057
9265,7058
5415,7059
3210,7060
11680,7061
12695,7062
9720,7063
7340,7064
7760,7065
5975,7066
2790,7067
10630,7068
3805,7069
3490,7070
3560,7071
8355,7072
95,7073
585,7074
9090,7075
8705,7076
3700,7077
4050,7078
6710,7079
2125,7080
10560,7081
3245,7082
7305,7083
3910,7084
3000,7085
2300,7086
8425,7087
8495,7088
7655,7089
4995,7090
7550,7091
8845,7092
9545,7093
8285,7094
8670,7095
11050,7096
9895,7097
8530,7098
4470,7099
2055,7100
3980,7101
8880,7102
9440,7103
865,7104
1565,7105
8180,7106
7725,7107
9475,7108
8950,7109
270,7110
7480,7111
7690,7112
10210,7113
9650,7114
3140,7115
6990,7116
1495,7117
725,7118
1915,7119
7130,7120
6045,7121
11820,7122
1705,7123
2020,7124
10910,7125
2440,7126
7620,7127
6115,7128
9965,7129
25,7130
200,7131
1775,7132
11505,7133
5170,7134
1845,7135
2755,7136
10105,7137
10945,7138
3280,7139
6010,7140
4820,7141
9510,7142
690,7143
9020,7144
620,7145
8740,7146
60,7147
935,7148
2265,7149
6640,7150
830,7151
11925,7152
10875,7153
4925,7154
8250,7155
9160,7156
3840,7157
1215,7158
8040,7159
12170,7160
3175,7161
4505,7162
5030,7163
4015,7164
2650,7165
4435,7166
9055,7167
6150,7168
5205,7169
12450,7170
10035,7171
445,7172
4155,7173
9860,7174
5065,7175
8145,7176
8005,7177
6745,7178
5555,7179
12065,7180
1180,7181
11610,7182
4365,7183
6570,7184
8635,7185
2720,7186
3595,7187
7445,7188
410,7189
8775,7190
6675,7191
6885,7192
11785,7193
3770,7194
10805,7195
3035,7196
10350,7197
1460,7198
1285,7199
12275,7200
4575,7201
7830,7202
11365,7203
8460,7204
1985,7205
2860,7206
2930,7207
2230,7208
900,7209
4715,7210
1530,7211
8600,7212
12100,7213
4785,7214
6500,7215
9405,7216
7970,7217
7270,7218
550,7219
12380,7220
12240,7221
6535,7222
7410,7223
1110,7224
5416,7225
6431,7226
3106,7227
1426,7228
3456,7229
11996,7230
6641,7231
5556,7232
5591,7233
7271,7234
2896,7235
8566,7236
586,7237
4576,7238
9441,7239
12066,7240
1496,7241
1706,7242
1741,7243
8391,7244
5521,7245
4401,7246
5101,7247
8881,7248
5346,7249
10106,7250
201,7251
10491,7252
11646,7253
12626,7254
2616,7255
10281,7256
2231,7257
7026,7258
2791,7259
6991,7260
6711,7261
2931,7262
1601,7263
2021,7264
6361,7265
7061,7266
1881,7267
5801,7268
11226,7269
5136,7270
5731,7271
12556,7272
10561,7273
9336,7274
10176,7275
131,7276
9406,7277
12696,7278
9126,7279
8671,7280
4786,7281
621,7282
8321,7283
2266,7284
9966,7285
3701,7286
5206,7287
3981,7288
6956,7289
5311,7290
4821,7291
1216,7292
4611,7293
3421,7294
96,7295
5171,7296
7516,7297
2511,7298
8496,7299
3351,7300
3771,7301
6501,7302
10876,7303
4156,7304
4331,7305
4226,7306
2721,7307
1006,7308
8286,7309
866,7310
2651,7311
551,7312
2756,7313
6151,7314
9686,7315
3876,7316
11506,7317
4751,7318
4366,7319
5381,7320
2126,7321
6571,7322
1671,7323
6221,7324
3001,7325
6851,7326
5871,7327
11051,7328
7901,7329
7131,7330
11436,7331
8951,7332
10631,7333
9581,7334
8531,7335
831,7336
4191,7337
9161,7338
2546,7339
9861,7340
6781,7341
11611,7342
3071,7343
3911,7344
6536,7345
7201,7346
2336,7347
2686,7348
7796,7349
8181,7350
6676,7351
4471,7352
1776,7353
1076,7354
1531,7355
7341,7356
10456,7357
6466,7358
9476,7359
2826,7360
1146,7361
7551,7362
8706,7363
2161,7364
3806,7365
7726,7366
5661,7367
6081,7368
9931,7369
10141,7370
2441,7371
796,7372
6291,7373
7936,7374
9091,7375
5066,7376
236,7377
4121,7378
8741,7379
4996,7380
7411,7381
341,7382
4891,7383
5626,7384
4716,7385
9651,7386
2091,7387
5941,7388
6396,7389
481,7390
1951,7391
6606,7392
8986,7393
4016,7394
1461,7395
726,7396
2861,7397
2056,7398
10316,7399
9301,7400
4646,7401
971,7402
5976,7403
1356,7404
1916,7405
10526,7406
3246,7407
3211,7408
8006,7409
6746,7410
8251,7411
4506,7412
10841,7413
11961,7414
3176,7415
3526,7416
5486,7417
5276,7418
1251,7419
6256,7420
9721,7421
4261,7422
10351,7423
3631,7424
516,7425
4961,7426
5906,7427
26,7428
271,7429
3036,7430
9511,7431
12591,7432
9266,7433
936,7434
1846,7435
5696,7436
7376,7437
1321,7438
4051,7439
2301,7440
691,7441
3386,7442
11296,7443
376,7444
1111,7445
2406,7446
8216,7447
12311,7448
6326,7449
8146,7450
10736,7451
8461,7452
11016,7453
10911,7454
901,7455
3596,7456
10211,7457
7866,7458
3841,7459
10946,7460
1181,7461
1041,7462
8811,7463
10386,7464
9756,7465
1391,7466
4541,7467
7096,7468
7831,7469
10701,7470
61,7471
4296,7472
4436,7473
9371,7474
7166,7475
4681,7476
4856,7477
1811,7478
10596,7479
7306,7480
8636,7481
9896,7482
3281,7483
8846,7484
446,7485
5836,7486
8601,7487
6011,7488
6116,7489
8916,7490
1286,7491
2196,7492
7971,7493
11891,7494
11331,7495
4086,7496
8776,7497
2966,7498
7761,7499
11261,7500
5031,7501
8356,7502
7621,7503
11576,7504
5451,7505
656,7506
3946,7507
6886,7508
692,7509
6607,7510
8357,7511
5417,7512
9337,7513
1392,7514
3702,7515
6362,7516
307,7517
3562,7518
8602,7519
8077,7520
7412,7521
8462,7522
10947,7523
1742,7524
3877,7525
4297,7526
8112,7527
4927,7528
8812,7529
12697,7530
4402,7531
10317,7532
447,7533
11682,7534
12242,7535
2442,7536
3002,7537
3842,7538
1812,7539
8497,7540
482,7541
9372,7542
12452,7543
5697,7544
9582,7545
5137,7546
5032,7547
8882,7548
10107,7549
10702,7550
3772,7551
2512,7552
9162,7553
4542,7554
10737,7555
7517,7556
6187,7557
6397,7558
4332,7559
2092,7560
3597,7561
3282,7562
11822,7563
4787,7564
6642,7565
8987,7566
832,7567
3037,7568
7832,7569
2337,7570
11017,7571
2617,7572
9792,7573
4262,7574
2372,7575
1217,7576
9827,7577
5172,7578
1357,7579
6782,7580
1847,7581
8847,7582
3177,7583
3247,7584
11472,7585
4577,7586
6537,7587
10912,7588
2407,7589
7447,7590
9407,7591
10177,7592
9092,7593
3527,7594
5312,7595
10282,7596
2267,7597
5732,7598
1427,7599
2932,7600
5102,7601
7237,7602
7937,7603
6152,7604
9302,7605
9652,7606
2302,7607
4437,7608
8777,7609
4857,7610
6957,7611
10842,7612
1252,7613
6572,7614
7552,7615
8742,7616
4507,7617
902,7618
4227,7619
4122,7620
5592,7621
6677,7622
2827,7623
7202,7624
12032,7625
4892,7626
6922,7627
5662,7628
237,7629
3457,7630
2792,7631
4752,7632
7062,7633
6467,7634
7027,7635
4682,7636
4647,7637
7727,7638
8707,7639
9267,7640
8392,7641
9442,7642
9757,7643
9127,7644
2197,7645
9932,7646
6012,7647
6747,7648
9687,7649
8007,7650
8217,7651
7762,7652
937,7653
3317,7654
5557,7655
622,7656
1042,7657
6082,7658
2582,7659
12277,7660
11787,7661
7377,7662
8567,7663
10632,7664
272,7665
3737,7666
8637,7667
202,7668
1112,7669
4157,7670
552,7671
11577,7672
6712,7673
9897,7674
12592,7675
9722,7676
1602,7677
6887,7678
342,7679
4192,7680
1007,7681
10352,7682
11157,7683
4822,7684
657,7685
11192,7686
2687,7687
10212,7688
8042,7689
1497,7690
7132,7691
2232,7692
6257,7693
8182,7694
9967,7695
5207,7696
7097,7697
2862,7698
3387,7699
62,7700
5452,7701
5837,7702
972,7703
3212,7704
10142,7705
4612,7706
1707,7707
10247,7708
3667,7709
8672,7710
12312,7711
8252,7712
11437,7713
1462,7714
4087,7715
1532,7716
5872,7717
867,7718
3072,7719
1287,7720
6117,7721
5347,7722
12102,7723
8917,7724
2652,7725
3912,7726
2757,7727
1987,7728
7272,7729
4962,7730
727,7731
7797,7732
8952,7733
12172,7734
7867,7735
5942,7736
132,7737
10037,7738
1917,7739
5907,7740
2162,7741
11052,7742
1322,7743
10982,7744
6992,7745
1952,7746
3492,7747
1077,7748
3632,7749
7902,7750
6852,7751
5487,7752
3947,7753
4472,7754
9232,7755
2127,7756
97,7757
11507,7758
6432,7759
27,7760
4997,7761
8532,7762
3107,7763
3982,7764
5382,7765
11892,7766
2722,7767
12347,7768
4052,7769
1777,7770
3352,7771
5627,7772
7342,7773
377,7774
1637,7775
9477,7776
2967,7777
517,7778
1147,7779
4193,7780
4718,7781
7343,7782
7203,7783
9898,7784
6573,7785
3528,7786
1008,7787
518,7788
3843,7789
2303,7790
5593,7791
7238,7792
8533,7793
6083,7794
4928,7795
7623,7796
8008,7797
623,7798
63,7799
1603,7800
8708,7801
8463,7802
9968,7803
8778,7804
10248,7805
4438,7806
1813,7807
5453,7808
203,7809
728,7810
4508,7811
4648,7812
11613,7813
1393,7814
6608,7815
8078,7816
4683,7817
3353,7818
2443,7819
2863,7820
10913,7821
8498,7822
3423,7823
6118,7824
7798,7825
12698,7826
8918,7827
10283,7828
8953,7829
10108,7830
9828,7831
6398,7832
1988,7833
10493,7834
8988,7835
9198,7836
11018,7837
2793,7838
6538,7839
7448,7840
12593,7841
9793,7842
12033,7843
10843,7844
2163,7845
9583,7846
4403,7847
3598,7848
5768,7849
5838,7850
7728,7851
7868,7852
9233,7853
1848,7854
2338,7855
658,7856
10353,7857
10668,7858
7098,7859
2688,7860
7028,7861
3213,7862
9093,7863
1533,7864
4228,7865
11193,7866
28,7867
6783,7868
8568,7869
98,7870
8848,7871
5943,7872
10073,7873
7833,7874
3808,7875
4123,7876
11473,7877
2618,7878
8183,7879
9653,7880
7553,7881
5138,7882
1078,7883
1638,7884
2408,7885
10808,7886
693,7887
8638,7888
9688,7889
553,7890
9863,7891
11158,7892
6993,7893
903,7894
3038,7895
5348,7896
9128,7897
6643,7898
5733,7899
5033,7900
1288,7901
5208,7902
1428,7903
8603,7904
10633,7905
8323,7906
10003,7907
4613,7908
1113,7909
4578,7910
5698,7911
4998,7912
6958,7913
9023,7914
11578,7915
3318,7916
4473,7917
9548,7918
2968,7919
12278,7920
7693,7921
10703,7922
1253,7923
8743,7924
8883,7925
8813,7926
8043,7927
4088,7928
6748,7929
6923,7930
798,7931
10948,7932
9933,7933
5418,7934
6293,7935
868,7936
238,7937
1673,7938
9268,7939
5803,7940
10458,7941
3703,7942
6468,7943
2548,7944
1568,7945
4543,7946
12173,7947
1323,7948
5523,7949
12558,7950
8253,7951
1218,7952
2268,7953
7133,7954
3248,7955
5103,7956
8288,7957
11998,7958
343,7959
5908,7960
5173,7961
5558,7962
4298,7963
833,7964
6713,7965
5068,7966
763,7967
7518,7968
3458,7969
2093,7970
3668,7971
2128,7972
3143,7973
3283,7974
6013,7975
308,7976
1498,7977
6678,7978
1778,7979
1743,7980
8358,7981
2723,7982
5313,7983
11858,7984
9163,7985
8393,7986
7273,7987
11963,7988
8113,7989
3563,7990
11928,7991
3738,7992
3108,7993
7938,7994
3913,7995
4158,7996
9303,7997
973,7998
6853,7999
9408,8000
133,8001
2233,8002
2373,8003
7763,8004
6363,8005
938,8006
2758,8007
12068,8008
273,8009
3878,8010
9513,8011
1953,8012
2898,8013
10738,8014
10318,8015
4263,8016
2478,8017
1463,8018
6433,8019
4753,8020
8148,8021
6888,8022
9723,8023
12348,8024
2058,8025
9373,8026
2513,8027
7063,8028
1708,8029
2933,8030
10213,8031
11053,8032
7413,8033
9443,8034
3003,8035
12208,8036
1043,8037
4858,8038
10143,8039
12313,8040
6153,8041
7903,8042
5663,8043
5873,8044
11123,8045
3073,8046
6188,8047
3948,8048
11718,8049
4893,8050
10528,8051
3178,8052
3984,8053
11474,8054
4054,8055
10214,8056
4684,8057
9164,8058
9864,8059
7274,8060
12629,8061
904,8062
8709,8063
3914,8064
10564,8065
11124,8066
6574,8067
12104,8068
2549,8069
2304,8070
5384,8071
2934,8072
6644,8073
624,8074
204,8075
3809,8076
6609,8077
11509,8078
3354,8079
7904,8080
8009,8081
659,8082
5804,8083
7519,8084
309,8085
2094,8086
4614,8087
5874,8088
9829,8089
5909,8090
2234,8091
1989,8092
11579,8093
10844,8094
3949,8095
6434,8096
7344,8097
5314,8098
8079,8099
3704,8100
2584,8101
10354,8102
2969,8103
4509,8104
799,8105
974,8106
1639,8107
4089,8108
8219,8109
8954,8110
12489,8111
7694,8112
1779,8113
11369,8114
11054,8115
9899,8116
1744,8117
9724,8118
3494,8119
1254,8120
8044,8121
6154,8122
7729,8123
8569,8124
8814,8125
8394,8126
6714,8127
9409,8128
10669,8129
7134,8130
7064,8131
7099,8132
10144,8133
2339,8134
1954,8135
5174,8136
1919,8137
8534,8138
5139,8139
29,8140
2759,8141
7554,8142
1394,8143
1219,8144
2269,8145
6469,8146
2164,8147
344,8148
6504,8149
834,8150
5454,8151
5524,8152
3144,8153
6364,8154
3039,8155
2899,8156
414,8157
2689,8158
6224,8159
8779,8160
1324,8161
3109,8162
8989,8163
9584,8164
10809,8165
8359,8166
11159,8167
274,8168
1359,8169
12594,8170
519,8171
4334,8172
6259,8173
1709,8174
9549,8175
4474,8176
7589,8177
11999,8178
1289,8179
3284,8180
589,8181
7764,8182
4964,8183
2864,8184
4124,8185
3214,8186
1079,8187
9059,8188
6084,8189
5734,8190
1569,8191
1814,8192
3249,8193
2444,8194
9969,8195
4929,8196
1674,8197
1044,8198
7799,8199
10004,8200
10739,8201
5629,8202
5594,8203
134,8204
4894,8205
12664,8206
2374,8207
11194,8208
8149,8209
11824,8210
3669,8211
4999,8212
2129,8213
8604,8214
7204,8215
7939,8216
449,8217
5419,8218
6049,8219
10774,8220
1849,8221
2654,8222
7029,8223
10704,8224
1149,8225
6539,8226
764,8227
9234,8228
7169,8229
1114,8230
99,8231
9759,8232
7414,8233
3739,8234
7484,8235
4194,8236
6959,8237
7239,8238
169,8239
9514,8240
1184,8241
7379,8242
9689,8243
8324,8244
9479,8245
2059,8246
1604,8247
8114,8248
8499,8249
7449,8250
2794,8251
3074,8252
6189,8253
4754,8254
7834,8255
1499,8256
6994,8257
6119,8258
10634,8259
4369,8260
10949,8261
9374,8262
239,8263
4859,8264
8464,8265
3844,8266
5349,8267
5489,8268
6854,8269
5209,8270
6294,8271
10459,8272
9794,8273
8744,8274
5664,8275
11964,8276
6889,8277
6784,8278
939,8279
64,8280
1884,8281
8884,8282
8254,8283
3179,8284
4439,8285
2829,8286
3459,8287
9094,8288
4404,8289
2514,8290
2479,8291
5559,8292
4229,8293
1464,8294
4649,8295
1009,8296
9619,8297
10529,8298
6014,8299
9654,8300
5104,8301
3004,8302
694,8303
3529,8304
2409,8305
10494,8306
9199,8307
9304,8308
5769,8309
8184,8310
3564,8311
5944,8312
9024,8313
12244,8314
12559,8315
8639,8316
8849,8317
4299,8318
5034,8319
4719,8320
6924,8321
7869,8322
9444,8323
12384,8324
12699,8325
2199,8326
2340,8327
3460,8328
4685,8329
9200,8330
9690,8331
5630,8332
1080,8333
9060,8334
8360,8335
10740,8336
4965,8337
170,8338
7135,8339
7520,8340
3215,8341
520,8342
1325,8343
11440,8344
6155,8345
4930,8346
6505,8347
6820,8348
10320,8349
1430,8350
4300,8351
10845,8352
6085,8353
1535,8354
1570,8355
3810,8356
9025,8357
5805,8358
1220,8359
5140,8360
9375,8361
10425,8362
4090,8363
5175,8364
11790,8365
8150,8366
1255,8367
2305,8368
100,8369
450,8370
7485,8371
1780,8372
3005,8373
8990,8374
1885,8375
1045,8376
2550,8377
7695,8378
8745,8379
8850,8380
11405,8381
1500,8382
3985,8383
6015,8384
3565,8385
6330,8386
12420,8387
3530,8388
9410,8389
4405,8390
7240,8391
9445,8392
12280,8393
12560,8394
12490,8395
1150,8396
3320,8397
5035,8398
9620,8399
590,8400
10530,8401
7100,8402
6645,8403
6785,8404
9830,8405
6295,8406
10635,8407
7415,8408
8290,8409
1010,8410
8115,8411
11580,8412
345,8413
3915,8414
3390,8415
6540,8416
9760,8417
3495,8418
2375,8419
9865,8420
835,8421
30,8422
6365,8423
275,8424
2235,8425
4895,8426
12000,8427
11650,8428
5385,8429
2410,8430
6190,8431
10390,8432
10460,8433
2865,8434
9795,8435
7345,8436
975,8437
4720,8438
3145,8439
12105,8440
10180,8441
11195,8442
12245,8443
6435,8444
3740,8445
8395,8446
8325,8447
9970,8448
310,8449
9480,8450
5980,8451
3845,8452
2130,8453
5595,8454
7765,8455
9095,8456
3600,8457
9235,8458
5490,8459
2830,8460
5000,8461
2025,8462
10565,8463
11300,8464
9655,8465
3635,8466
6890,8467
695,8468
4790,8469
9725,8470
4440,8471
7555,8472
5420,8473
8220,8474
6575,8475
3180,8476
2445,8477
3075,8478
4265,8479
5945,8480
7905,8481
10355,8482
10600,8483
10810,8484
12385,8485
65,8486
12350,8487
625,8488
5525,8489
11510,8490
415,8491
4055,8492
4860,8493
8640,8494
8675,8495
9165,8496
11615,8497
10670,8498
2270,8499
2655,8500
2760,8501
9900,8502
5105,8503
1920,8504
3040,8505
5700,8506
4510,8507
8535,8508
905,8509
1850,8510
2200,8511
2480,8512
4825,8513
4230,8514
4545,8515
11160,8516
1605,8517
5455,8518
3110,8519
8710,8520
1675,8521
1395,8522
7590,8523
1640,8524
1990,8525
8920,8526
4195,8527
6225,8528
8045,8529
8430,8530
3775,8531
5875,8532
135,8533
6120,8534
7940,8535
1745,8536
9585,8537
2515,8538
10950,8539
11860,8540
1360,8541
5840,8542
7975,8543
7625,8544
800,8545
5070,8546
2725,8547
6960,8548
2935,8549
11825,8550
8815,8551
3250,8552
765,8553
7450,8554
9550,8555
205,8556
1465,8557
2060,8558
1955,8559
4650,8560
2095,8561
1185,8562
8255,8563
5210,8564
7170,8565
2970,8566
4615,8567
12315,8568
4335,8569
660,8570
5665,8571
1290,8572
10775,8573
555,8574
4020,8575
870,8576
5245,8577
5560,8578
6610,8579
6995,8580
5350,8581
485,8582
6715,8583
7835,8584
1815,8585
2900,8586
10005,8587
11230,8588
7205,8589
240,8590
4475,8591
4370,8592
6050,8593
1115,8594
8885,8595
9130,8596
6855,8597
10285,8598
12070,8599
7730,8600
9340,8601
2795,8602
3355,8603
5735,8604
5770,8605
7275,8606
7660,8607
12700,8608
451,8609
4056,8610
1921,8611
6891,8612
3181,8613
4931,8614
8326,8615
4511,8616
9026,8617
12176,8618
66,8619
6471,8620
9831,8621
171,8622
311,8623
346,8624
6156,8625
5841,8626
4476,8627
9971,8628
1501,8629
7136,8630
1606,8631
3216,8632
7451,8633
9586,8634
9726,8635
2691,8636
11476,8637
5246,8638
9481,8639
6226,8640
10951,8641
5701,8642
5946,8643
5001,8644
3566,8645
7346,8646
2586,8647
12281,8648
801,8649
2131,8650
6121,8651
696,8652
3391,8653
10251,8654
8116,8655
626,8656
5386,8657
11441,8658
4896,8659
9761,8660
9271,8661
6261,8662
31,8663
1851,8664
2656,8665
1816,8666
4231,8667
2061,8668
2796,8669
5036,8670
5456,8671
10636,8672
8151,8673
556,8674
7241,8675
1676,8676
12421,8677
10391,8678
5736,8679
5631,8680
766,8681
5981,8682
591,8683
6051,8684
1011,8685
8851,8686
3741,8687
9551,8688
9061,8689
6576,8690
8711,8691
4126,8692
4336,8693
8641,8694
5071,8695
12246,8696
4686,8697
9936,8698
3461,8699
2341,8700
12596,8701
10286,8702
3076,8703
4861,8704
3006,8705
10356,8706
836,8707
4196,8708
1746,8709
5421,8710
6436,8711
4371,8712
4441,8713
9411,8714
3321,8715
6646,8716
1641,8717
8676,8718
1116,8719
11826,8720
10986,8721
1186,8722
7906,8723
2271,8724
1326,8725
6086,8726
6191,8727
2481,8728
206,8729
5106,8730
2516,8731
9131,8732
10846,8733
9656,8734
6401,8735
9236,8736
2761,8737
8816,8738
8991,8739
3986,8740
8956,8741
101,8742
8571,8743
4091,8744
8431,8745
8396,8746
10566,8747
2306,8748
2376,8749
6716,8750
9691,8751
7941,8752
5771,8753
5806,8754
1431,8755
9901,8756
5316,8757
2411,8758
5351,8759
7661,8760
3776,8761
241,8762
976,8763
4406,8764
8536,8765
5911,8766
11651,8767
8221,8768
10671,8769
11791,8770
7416,8771
5281,8772
11021,8773
11406,8774
12631,8775
6541,8776
3356,8777
3916,8778
6366,8779
2866,8780
7276,8781
2201,8782
7031,8783
7101,8784
1361,8785
7521,8786
11336,8787
1221,8788
1956,8789
10216,8790
1081,8791
9376,8792
8081,8793
11056,8794
12106,8795
871,8796
12071,8797
5561,8798
2096,8799
2551,8800
6996,8801
6856,8802
8186,8803
8921,8804
8746,8805
11616,8806
8046,8807
11371,8808
9866,8809
4791,8810
8886,8811
10461,8812
4266,8813
9341,8814
6611,8815
11231,8816
5211,8817
5491,8818
6751,8819
8256,8820
11931,8821
1291,8822
4721,8823
416,8824
7836,8825
7626,8826
4651,8827
9446,8828
4966,8829
9096,8830
1256,8831
10531,8832
7731,8833
4301,8834
12386,8835
2026,8836
5876,8837
486,8838
1781,8839
2726,8840
7311,8841
5176,8842
276,8843
7171,8844
7206,8845
1536,8846
3846,8847
4581,8848
7696,8849
2831,8850
1151,8851
4546,8852
4616,8853
4826,8854
7871,8855
3811,8856
11301,8857
521,8858
3286,8859
7976,8860
6821,8861
2971,8862
3951,8863
8466,8864
5666,8865
10811,8866
3671,8867
9201,8868
10006,8869
3531,8870
11126,8871
2901,8872
6402,8873
4337,8874
10182,8875
5912,8876
7102,8877
3007,8878
2412,8879
7767,8880
8957,8881
12282,8882
4407,8883
2062,8884
4302,8885
6892,8886
1957,8887
5457,8888
9412,8889
2027,8890
6332,8891
11652,8892
3532,8893
11477,8894
6857,8895
11967,8896
5422,8897
977,8898
452,8899
3812,8900
9972,8901
2797,8902
6717,8903
4582,8904
2202,8905
2377,8906
10007,8907
1222,8908
2272,8909
697,8910
3672,8911
3357,8912
11267,8913
7627,8914
347,8915
8257,8916
8852,8917
9902,8918
11442,8919
9867,8920
7697,8921
7452,8922
11232,8923
11617,8924
7067,8925
2902,8926
2517,8927
1782,8928
2937,8929
5492,8930
4967,8931
6997,8932
4722,8933
1677,8934
12177,8935
12667,8936
11127,8937
7347,8938
5632,8939
9482,8940
5037,8941
7977,8942
9167,8943
1012,8944
5702,8945
10112,8946
11687,8947
2587,8948
12317,8949
5387,8950
7907,8951
2657,8952
1817,8953
8992,8954
9272,8955
9657,8956
7662,8957
3952,8958
11827,8959
10077,8960
5842,8961
10147,8962
10602,8963
11582,8964
4442,8965
9517,8966
4897,8967
11897,8968
7487,8969
2762,8970
6577,8971
942,8972
5877,8973
1397,8974
1852,8975
2342,8976
3742,8977
3987,8978
7872,8979
12632,8980
9762,8981
9202,8982
3882,8983
1572,8984
5352,8985
6787,8986
4197,8987
6472,8988
7277,8989
2832,8990
32,8991
5282,8992
1642,8993
6297,8994
4792,8995
6192,8996
11092,8997
8222,8998
4232,8999
9552,9000
7207,9001
8922,9002
6157,9003
6437,9004
2867,9005
5667,9006
7137,9007
9342,9008
3637,9009
10742,9010
5177,9011
3462,9012
767,9013
12002,9014
3917,9015
3427,9016
2097,9017
4267,9018
4932,9019
4512,9020
12247,9021
5737,9022
8782,9023
7032,9024
3042,9025
3567,9026
8537,9027
1327,9028
11932,9029
3497,9030
3777,9031
1187,9032
4547,9033
8187,9034
8082,9035
10357,9036
6227,9037
9692,9038
5002,9039
8747,9040
9622,9041
11197,9042
12597,9043
12562,9044
277,9045
837,9046
5247,9047
7557,9048
1747,9049
6612,9050
1922,9051
6087,9052
3847,9053
6017,9054
9062,9055
7837,9056
172,9057
8327,9058
4617,9059
9832,9060
9727,9061
10532,9062
10637,9063
3182,9064
67,9065
6122,9066
3077,9067
2552,9068
8712,9069
662,9070
3287,9071
1502,9072
3112,9073
2167,9074
11057,9075
7417,9076
1537,9077
11337,9078
4477,9079
7382,9080
2447,9081
312,9082
11022,9083
7172,9084
4652,9085
4862,9086
8047,9087
4372,9088
4757,9089
557,9090
802,9091
9237,9092
2237,9093
2132,9094
8397,9095
9377,9096
4092,9097
11757,9098
10322,9099
6542,9100
2307,9101
1082,9102
8642,9103
6647,9104
5107,9105
4162,9106
10217,9107
7732,9108
3217,9109
12142,9110
11407,9111
242,9112
2727,9113
5562,9114
8887,9115
1152,9116
10392,9117
10987,9118
6052,9119
1607,9120
6822,9121
11162,9122
2482,9123
6752,9124
11862,9125
7242,9126
4687,9127
4127,9128
8152,9129
4827,9130
1292,9131
9797,9132
8117,9133
207,9134
5772,9135
3707,9136
4057,9137
9937,9138
5982,9139
5212,9140
6262,9141
9097,9142
10952,9143
5947,9144
1117,9145
9447,9146
11792,9147
12387,9148
487,9149
2692,9150
522,9151
12072,9152
7803,9153
9308,9154
1503,9155
6543,9156
7978,9157
5003,9158
6333,9159
138,9160
1328,9161
3498,9162
3113,9163
7663,9164
1923,9165
5143,9166
4233,9167
6718,9168
9903,9169
3673,9170
4058,9171
11093,9172
628,9173
10813,9174
6893,9175
9133,9176
5738,9177
2063,9178
3988,9179
10358,9180
9378,9181
6228,9182
7873,9183
2693,9184
10043,9185
7453,9186
7383,9187
3638,9188
6368,9189
8293,9190
2238,9191
6648,9192
5353,9193
2938,9194
3358,9195
558,9196
6613,9197
453,9198
6158,9199
4583,9200
9063,9201
1958,9202
9238,9203
3428,9204
10218,9205
12563,9206
3708,9207
5563,9208
698,9209
4513,9210
6123,9211
3568,9212
5178,9213
4968,9214
10288,9215
6298,9216
11968,9217
6053,9218
1573,9219
3008,9220
9203,9221
9483,9222
7733,9223
11758,9224
313,9225
7103,9226
3183,9227
2798,9228
9833,9229
3078,9230
2413,9231
3253,9232
9413,9233
2448,9234
3918,9235
3043,9236
1293,9237
4128,9238
1468,9239
5703,9240
1433,9241
1678,9242
5388,9243
3848,9244
4863,9245
8083,9246
4933,9247
208,9248
9168,9249
11163,9250
6018,9251
7488,9252
1398,9253
6193,9254
7943,9255
4163,9256
6508,9257
3288,9258
4268,9259
8118,9260
9553,9261
2763,9262
768,9263
2588,9264
8538,9265
4618,9266
4723,9267
8993,9268
3603,9269
10568,9270
4688,9271
7838,9272
7068,9273
12003,9274
8048,9275
593,9276
7558,9277
8923,9278
5213,9279
2833,9280
6403,9281
7768,9282
2378,9283
838,9284
383,9285
11128,9286
9588,9287
1818,9288
7908,9289
278,9290
1083,9291
418,9292
6438,9293
10253,9294
6823,9295
9693,9296
8783,9297
11618,9298
1188,9299
5108,9300
8503,9301
4408,9302
9763,9303
7138,9304
9798,9305
10533,9306
10953,9307
8678,9308
8713,9309
9343,9310
12598,9311
7523,9312
8433,9313
5633,9314
6473,9315
2343,9316
1258,9317
3218,9318
4758,9319
8258,9320
2098,9321
9658,9322
1538,9323
1153,9324
908,9325
2028,9326
943,9327
33,9328
2728,9329
4793,9330
1853,9331
5248,9332
6963,9333
9448,9334
12213,9335
8818,9336
12248,9337
3813,9338
1643,9339
1748,9340
3323,9341
5668,9342
8398,9343
1713,9344
5423,9345
5493,9346
11723,9347
4373,9348
9098,9349
1888,9350
8853,9351
3463,9352
4093,9353
7593,9354
9973,9355
3883,9356
8328,9357
8188,9358
9518,9359
10708,9360
9623,9361
3778,9362
1608,9363
5913,9364
2518,9365
5983,9366
3533,9367
6088,9368
11548,9369
2553,9370
6578,9371
12668,9372
5038,9373
978,9374
10638,9375
7243,9376
8013,9377
173,9378
873,9379
5073,9380
523,9381
7033,9382
10113,9383
4303,9384
4898,9385
11023,9386
1783,9387
11338,9388
5528,9389
8748,9390
4478,9391
5773,9392
6858,9393
11198,9394
11443,9395
10008,9396
5458,9397
4548,9398
803,9399
10743,9400
2903,9401
2868,9402
4443,9403
7173,9404
4653,9405
7208,9406
7418,9407
2658,9408
7628,9409
12318,9410
8888,9411
2273,9412
488,9413
10148,9414
6788,9415
10463,9416
5283,9417
3393,9418
10988,9419
8223,9420
68,9421
348,9422
8643,9423
454,9424
9134,9425
769,9426
11164,9427
1434,9428
6754,9429
4374,9430
10359,9431
8924,9432
11304,9433
6369,9434
5354,9435
909,9436
9414,9437
2869,9438
1364,9439
9484,9440
2414,9441
8574,9442
4549,9443
1644,9444
3359,9445
5144,9446
11514,9447
1609,9448
6649,9449
9519,9450
139,9451
1889,9452
11129,9453
12074,9454
8679,9455
2904,9456
3884,9457
10429,9458
4724,9459
2274,9460
7944,9461
9589,9462
1294,9463
4969,9464
8959,9465
9274,9466
8609,9467
6614,9468
8014,9469
3324,9470
5074,9471
3149,9472
4164,9473
7699,9474
11864,9475
6509,9476
6894,9477
1959,9478
944,9479
7034,9480
4059,9481
4514,9482
11969,9483
4339,9484
9904,9485
5004,9486
7454,9487
12144,9488
2554,9489
4479,9490
12564,9491
524,9492
7594,9493
1784,9494
9764,9495
8119,9496
419,9497
1714,9498
3849,9499
4304,9500
11024,9501
8224,9502
5739,9503
5774,9504
12459,9505
1399,9506
7629,9507
5984,9508
6334,9509
8714,9510
1749,9511
3289,9512
8819,9513
11234,9514
10954,9515
2239,9516
8399,9517
6789,9518
8749,9519
10534,9520
7279,9521
2974,9522
4794,9523
5634,9524
9554,9525
10779,9526
2169,9527
7174,9528
11374,9529
4864,9530
10149,9531
6964,9532
10849,9533
5914,9534
12319,9535
3709,9536
2834,9537
8364,9538
11619,9539
10394,9540
699,9541
6264,9542
9379,9543
8049,9544
3429,9545
8434,9546
12179,9547
3814,9548
2309,9549
6859,9550
1539,9551
3394,9552
2939,9553
4899,9554
3744,9555
4619,9556
4689,9557
804,9558
11794,9559
4584,9560
6124,9561
1469,9562
1574,9563
5494,9564
8889,9565
9729,9566
7384,9567
12284,9568
10184,9569
174,9570
7769,9571
6404,9572
8294,9573
734,9574
244,9575
11584,9576
34,9577
3604,9578
2484,9579
5214,9580
11899,9581
6159,9582
11654,9583
8189,9584
104,9585
5039,9586
3919,9587
8084,9588
279,9589
2694,9590
6194,9591
2729,9592
9064,9593
874,9594
3534,9595
7104,9596
5109,9597
8329,9598
9309,9599
5529,9600
9659,9601
2449,9602
8784,9603
10569,9604
8539,9605
2344,9606
3114,9607
10324,9608
1189,9609
10219,9610
3044,9611
11479,9612
9169,9613
1119,9614
594,9615
7139,9616
10499,9617
4094,9618
2379,9619
5599,9620
69,9621
7244,9622
1154,9623
7839,9624
4654,9625
1924,9626
10989,9627
3989,9628
7979,9629
1259,9630
4409,9631
7664,9632
6824,9633
7069,9634
9869,9635
12669,9636
3639,9637
9799,9638
3219,9639
4129,9640
10744,9641
349,9642
12424,9643
3569,9644
7874,9645
8994,9646
12634,9647
9099,9648
3464,9649
5179,9650
5669,9651
629,9652
10639,9653
7419,9654
10009,9655
2764,9656
3079,9657
6719,9658
11829,9659
3674,9660
2519,9661
7909,9662
12389,9663
6544,9664
3254,9665
8854,9666
2099,9667
7524,9668
10814,9669
5564,9670
5389,9671
4444,9672
5249,9673
8644,9674
4934,9675
6474,9676
9694,9677
4234,9678
5424,9679
2064,9680
314,9681
9939,9682
559,9683
12249,9684
11339,9685
9449,9686
7804,9687
3954,9688
3779,9689
8504,9690
5459,9691
7209,9692
979,9693
3184,9694
12004,9695
209,9696
7559,9697
2134,9698
384,9699
